1	1 
2	5 
3	1 
4	1 
5	1 
6	3 
7	4 
8	3 
9	2 
10	5 
11	1 
12	4 
13	3 
14	1 
15	3 
16	5 
17	2 
18	1 
19	4 
20	5 
21	3 
22	3 
23	3 
24	1 
25	3 
26	3 
27	1 
28	5 
29	5 
30	3 
31	1 
32	3 
33	1 
34	3 
35	1 
36	4 
37	2 
38	5 
39	3 
40	5 
41	4 
42	2 
43	2 
44	1 
45	4 
46	5 
47	3 
48	1 
49	5 
50	1 
51	3 
52	1 
53	5 
54	3 
55	4 
56	1 
57	1 
58	3 
59	1 
60	5 
61	5 
62	5 
63	1 
64	2 
65	5 
66	2 
67	2 
68	4 
69	5 
70	3 
71	1 
72	1 
73	5 
74	3 
75	5 
76	4 
77	1 
78	4 
79	1 
80	5 
81	1 
82	5 
83	3 
84	3 
85	1 
86	5 
87	1 
88	1 
89	5 
90	1 
91	1 
92	1 
93	1 
94	4 
95	2 
96	4 
97	1 
98	1 
99	1 
100	3 
101	4 
102	3 
103	5 
104	4 
105	1 
106	1 
107	2 
108	3 
109	5 
110	3 
111	1 
112	1 
113	2 
114	2 
115	4 
116	1 
117	3 
118	1 
119	4 
120	3 
121	2 
122	5 
123	5 
124	5 
125	4 
126	1 
127	4 
128	1 
129	5 
130	5 
131	4 
132	5 
133	5 
134	2 
135	4 
136	5 
137	2 
138	3 
139	3 
140	4 
141	1 
142	5 
143	5 
144	5 
145	1 
146	3 
147	5 
148	2 
149	3 
150	4 
151	5 
152	5 
153	3 
154	1 
155	4 
156	4 
157	5 
158	4 
159	5 
160	5 
161	5 
162	3 
163	4 
164	1 
165	2 
166	1 
167	1 
168	5 
169	2 
170	4 
171	2 
172	1 
173	1 
174	5 
175	1 
176	5 
177	1 
178	1 
179	2 
180	1 
181	4 
182	5 
183	4 
184	5 
185	4 
186	5 
187	3 
188	3 
189	4 
190	5 
191	5 
192	1 
193	2 
194	5 
195	3 
196	4 
197	1 
198	5 
199	3 
200	1 
201	3 
202	2 
203	1 
204	4 
205	5 
206	3 
207	1 
208	2 
209	2 
210	2 
211	3 
212	1 
213	4 
214	3 
215	1 
216	4 
217	1 
218	5 
219	3 
220	5 
221	1 
222	2 
223	3 
224	3 
225	5 
226	3 
227	5 
228	5 
229	3 
230	2 
231	3 
232	5 
233	5 
234	1 
235	2 
236	4 
237	5 
238	3 
239	1 
240	2 
241	3 
242	1 
243	2 
244	4 
245	4 
246	1 
247	1 
248	3 
249	5 
250	2 
251	5 
252	4 
253	1 
254	1 
255	1 
256	4 
257	3 
258	1 
259	4 
260	1 
261	4 
262	1 
263	1 
264	1 
265	1 
266	5 
267	4 
268	2 
269	3 
270	1 
271	2 
272	2 
273	1 
274	4 
275	3 
276	1 
277	5 
278	5 
279	1 
280	1 
281	1 
282	2 
283	4 
284	5 
285	5 
286	1 
287	5 
288	5 
289	2 
290	1 
291	5 
292	5 
293	3 
294	1 
295	2 
296	5 
297	1 
298	5 
299	5 
300	1 
301	3 
302	1 
303	1 
304	2 
305	4 
306	3 
307	5 
308	3 
309	5 
310	5 
311	5 
312	1 
313	1 
314	1 
315	1 
316	4 
317	4 
318	3 
319	5 
320	3 
321	5 
322	1 
323	3 
324	1 
325	3 
326	5 
327	1 
328	4 
329	3 
330	3 
331	5 
332	1 
333	2 
334	2 
335	5 
336	3 
337	3 
338	3 
339	1 
340	3 
341	4 
342	1 
343	1 
344	5 
345	3 
346	2 
347	3 
348	5 
349	1 
350	5 
351	4 
352	2 
353	4 
354	3 
355	1 
356	2 
357	1 
358	5 
359	3 
360	1 
361	1 
362	5 
363	1 
364	3 
365	5 
366	2 
367	3 
368	1 
369	1 
370	3 
371	3 
372	5 
373	3 
374	5 
375	1 
376	3 
377	5 
378	3 
379	1 
380	5 
381	2 
382	4 
383	1 
384	2 
385	5 
386	1 
387	5 
388	2 
389	5 
390	4 
391	3 
392	1 
393	5 
394	1 
395	1 
396	1 
397	1 
398	5 
399	5 
400	2 
401	4 
402	1 
403	3 
404	4 
405	4 
406	1 
407	2 
408	5 
409	1 
410	3 
411	5 
412	3 
413	5 
414	5 
415	1 
416	4 
417	2 
418	5 
419	4 
420	1 
421	4 
422	5 
423	5 
424	5 
425	5 
426	5 
427	5 
428	2 
429	5 
430	5 
431	2 
432	5 
433	1 
434	5 
435	1 
436	3 
437	1 
438	3 
439	5 
440	2 
441	3 
442	1 
443	4 
444	1 
445	1 
446	2 
447	1 
448	5 
449	3 
450	3 
451	2 
452	3 
453	5 
454	5 
455	4 
456	5 
457	3 
458	5 
459	3 
460	1 
461	2 
462	5 
463	5 
464	5 
465	1 
466	3 
467	1 
468	3 
469	4 
470	1 
471	1 
472	1 
473	5 
474	3 
475	5 
476	4 
477	5 
478	5 
479	5 
480	4 
481	1 
482	3 
483	2 
484	1 
485	5 
486	5 
487	3 
488	3 
489	5 
490	1 
491	5 
492	3 
493	2 
494	1 
495	2 
496	4 
497	1 
498	5 
499	2 
500	5 
501	1 
502	1 
503	2 
504	4 
505	1 
506	4 
507	1 
508	3 
509	5 
510	4 
511	1 
512	2 
513	5 
514	3 
515	3 
516	5 
517	2 
518	3 
519	1 
520	1 
521	5 
522	1 
523	1 
524	1 
525	1 
526	1 
527	5 
528	1 
529	2 
530	2 
531	5 
532	1 
533	5 
534	3 
535	3 
536	5 
537	5 
538	3 
539	5 
540	1 
541	3 
542	1 
543	1 
544	3 
545	5 
546	5 
547	1 
548	2 
549	2 
550	3 
551	3 
552	2 
553	4 
554	1 
555	1 
556	4 
557	2 
558	5 
559	3 
560	5 
561	1 
562	1 
563	2 
564	2 
565	1 
566	1 
567	2 
568	5 
569	4 
570	1 
571	5 
572	4 
573	1 
574	4 
575	3 
576	4 
577	1 
578	2 
579	3 
580	4 
581	1 
582	4 
583	1 
584	2 
585	3 
586	1 
587	5 
588	4 
589	5 
590	5 
591	1 
592	5 
593	4 
594	1 
595	1 
596	1 
597	5 
598	4 
599	3 
600	2 
601	2 
602	1 
603	3 
604	3 
605	1 
606	1 
607	1 
608	4 
609	2 
610	5 
611	1 
612	5 
613	5 
614	4 
615	5 
616	5 
617	5 
618	4 
619	1 
620	5 
621	3 
622	1 
623	4 
624	1 
625	4 
626	2 
627	4 
628	3 
629	4 
630	4 
631	2 
632	1 
633	3 
634	1 
635	1 
636	1 
637	4 
638	4 
639	5 
640	3 
641	5 
642	5 
643	4 
644	1 
645	1 
646	5 
647	3 
648	1 
649	3 
650	5 
651	1 
652	5 
653	5 
654	5 
655	4 
656	5 
657	5 
658	5 
659	1 
660	2 
661	4 
662	5 
663	5 
664	4 
665	5 
666	1 
667	5 
668	1 
669	3 
670	1 
671	3 
672	4 
673	5 
674	1 
675	3 
676	2 
677	5 
678	1 
679	1 
680	1 
681	4 
682	4 
683	3 
684	5 
685	4 
686	4 
687	5 
688	5 
689	1 
690	1 
691	1 
692	1 
693	5 
694	1 
695	2 
696	4 
697	1 
698	2 
699	3 
700	5 
701	1 
702	4 
703	1 
704	5 
705	2 
706	5 
707	2 
708	1 
709	3 
710	5 
711	1 
712	1 
713	3 
714	4 
715	1 
716	3 
717	2 
718	3 
719	4 
720	3 
721	3 
722	1 
723	5 
724	5 
725	3 
726	5 
727	1 
728	1 
729	5 
730	5 
731	5 
732	4 
733	3 
734	2 
735	1 
736	3 
737	4 
738	2 
739	4 
740	3 
741	5 
742	5 
743	2 
744	1 
745	4 
746	4 
747	2 
748	3 
749	3 
750	4 
751	4 
752	3 
753	4 
754	1 
755	5 
756	3 
757	4 
758	3 
759	3 
760	5 
761	5 
762	3 
763	2 
764	1 
765	4 
766	4 
767	5 
768	1 
769	1 
770	4 
771	1 
772	5 
773	2 
774	3 
775	5 
776	3 
777	3 
778	2 
779	4 
780	1 
781	3 
782	3 
783	5 
784	5 
785	4 
786	4 
787	3 
788	5 
789	5 
790	1 
791	1 
792	4 
793	2 
794	2 
795	5 
796	4 
797	3 
798	4 
799	2 
800	5 
801	5 
802	2 
803	2 
804	3 
805	1 
806	1 
807	5 
808	3 
809	5 
810	1 
811	1 
812	3 
813	3 
814	1 
815	2 
816	2 
817	1 
818	1 
819	5 
820	4 
821	5 
822	3 
823	3 
824	1 
825	2 
826	4 
827	1 
828	2 
829	3 
830	4 
831	5 
832	2 
833	3 
834	4 
835	4 
836	3 
837	1 
838	3 
839	3 
840	5 
841	4 
842	2 
843	5 
844	2 
845	3 
846	4 
847	1 
848	3 
849	1 
850	5 
851	1 
852	1 
853	5 
854	1 
855	2 
856	3 
857	4 
858	1 
859	5 
860	1 
861	1 
862	1 
863	1 
864	1 
865	5 
866	5 
867	1 
868	4 
869	1 
870	2 
871	5 
872	2 
873	5 
874	2 
875	1 
876	5 
877	1 
878	1 
879	5 
880	2 
881	1 
882	1 
883	5 
884	1 
885	3 
886	1 
887	5 
888	4 
889	2 
890	4 
891	4 
892	4 
893	2 
894	1 
895	3 
896	1 
897	3 
898	5 
899	1 
900	5 
901	3 
902	1 
903	5 
904	1 
905	2 
906	3 
907	3 
908	2 
909	5 
910	4 
911	1 
912	3 
913	1 
914	2 
915	4 
916	5 
917	4 
918	2 
919	1 
920	5 
921	4 
922	3 
923	1 
924	5 
925	1 
926	2 
927	1 
928	4 
929	1 
930	3 
931	2 
932	5 
933	5 
934	3 
935	5 
936	1 
937	5 
938	1 
939	4 
940	4 
941	5 
942	3 
943	3 
944	4 
945	5 
946	1 
947	3 
948	3 
949	4 
950	3 
951	2 
952	4 
953	2 
954	5 
955	5 
956	2 
957	3 
958	5 
959	1 
960	1 
961	5 
962	4 
963	4 
964	3 
965	5 
966	3 
967	2 
968	4 
969	1 
970	2 
971	1 
972	2 
973	4 
974	4 
975	5 
976	2 
977	4 
978	3 
979	4 
980	1 
981	2 
982	1 
983	1 
984	1 
985	1 
986	1 
987	4 
988	3 
989	4 
990	3 
991	1 
992	5 
993	1 
994	4 
995	2 
996	1 
997	5 
998	1 
999	3 
1000	3 
1001	1 
1002	3 
1003	5 
1004	3 
1005	4 
1006	3 
1007	2 
1008	4 
1009	1 
1010	3 
1011	5 
1012	1 
1013	1 
1014	4 
1015	3 
1016	5 
1017	5 
1018	5 
1019	1 
1020	3 
1021	4 
1022	1 
1023	4 
1024	3 
1025	4 
1026	5 
1027	1 
1028	3 
1029	1 
1030	5 
1031	4 
1032	1 
1033	1 
1034	5 
1035	2 
1036	5 
1037	3 
1038	1 
1039	5 
1040	1 
1041	3 
1042	3 
1043	4 
1044	3 
1045	2 
1046	1 
1047	1 
1048	4 
1049	3 
1050	5 
1051	4 
1052	5 
1053	2 
1054	1 
1055	4 
1056	3 
1057	2 
1058	4 
1059	5 
1060	5 
1061	2 
1062	5 
1063	2 
1064	1 
1065	3 
1066	1 
1067	2 
1068	2 
1069	4 
1070	1 
1071	3 
1072	2 
1073	2 
1074	4 
1075	1 
1076	4 
1077	2 
1078	3 
1079	5 
1080	1 
1081	2 
1082	3 
1083	3 
1084	5 
1085	1 
1086	3 
1087	1 
1088	5 
1089	2 
1090	3 
1091	4 
1092	3 
1093	1 
1094	1 
1095	1 
1096	1 
1097	5 
1098	3 
1099	1 
1100	1 
1101	5 
1102	1 
1103	4 
1104	5 
1105	3 
1106	2 
1107	1 
1108	2 
1109	1 
1110	1 
1111	2 
1112	1 
1113	3 
1114	5 
1115	1 
1116	4 
1117	1 
1118	2 
1119	1 
1120	2 
1121	5 
1122	4 
1123	1 
1124	2 
1125	1 
1126	1 
1127	3 
1128	1 
1129	5 
1130	2 
1131	1 
1132	4 
1133	5 
1134	1 
1135	4 
1136	1 
1137	3 
1138	5 
1139	1 
1140	4 
1141	5 
1142	5 
1143	3 
1144	1 
1145	4 
1146	1 
1147	3 
1148	2 
1149	3 
1150	4 
1151	3 
1152	4 
1153	3 
1154	5 
1155	1 
1156	5 
1157	3 
1158	5 
1159	1 
1160	5 
1161	5 
1162	5 
1163	3 
1164	3 
1165	4 
1166	1 
1167	5 
1168	5 
1169	5 
1170	5 
1171	2 
1172	5 
1173	4 
1174	1 
1175	4 
1176	5 
1177	4 
1178	1 
1179	1 
1180	5 
1181	1 
1182	5 
1183	1 
1184	5 
1185	1 
1186	2 
1187	4 
1188	1 
1189	5 
1190	3 
1191	5 
1192	5 
1193	2 
1194	1 
1195	3 
1196	1 
1197	5 
1198	1 
1199	2 
1200	1 
1201	5 
1202	1 
1203	5 
1204	3 
1205	1 
1206	3 
1207	1 
1208	3 
1209	1 
1210	1 
1211	5 
1212	1 
1213	5 
1214	1 
1215	2 
1216	1 
1217	5 
1218	5 
1219	5 
1220	4 
1221	5 
1222	4 
1223	3 
1224	1 
1225	1 
1226	1 
1227	4 
1228	5 
1229	5 
1230	1 
1231	2 
1232	5 
1233	3 
1234	5 
1235	2 
1236	3 
1237	1 
1238	5 
1239	2 
1240	2 
1241	5 
1242	1 
1243	1 
1244	1 
1245	3 
1246	1 
1247	1 
1248	4 
1249	1 
1250	2 
1251	5 
1252	1 
1253	4 
1254	5 
1255	1 
1256	1 
1257	3 
1258	1 
1259	3 
1260	4 
1261	1 
1262	2 
1263	2 
1264	2 
1265	3 
1266	3 
1267	5 
1268	2 
1269	3 
1270	2 
1271	3 
1272	2 
1273	5 
1274	3 
1275	1 
1276	1 
1277	5 
1278	4 
1279	1 
1280	3 
1281	4 
1282	2 
1283	5 
1284	4 
1285	1 
1286	3 
1287	2 
1288	3 
1289	5 
1290	1 
1291	1 
1292	3 
1293	1 
1294	3 
1295	4 
1296	5 
1297	1 
1298	5 
1299	1 
1300	1 
1301	1 
1302	1 
1303	5 
1304	3 
1305	1 
1306	1 
1307	5 
1308	4 
1309	4 
1310	1 
1311	3 
1312	1 
1313	5 
1314	3 
1315	5 
1316	3 
1317	1 
1318	4 
1319	1 
1320	4 
1321	5 
1322	3 
1323	3 
1324	3 
1325	1 
1326	1 
1327	2 
1328	5 
1329	1 
1330	1 
1331	5 
1332	3 
1333	3 
1334	5 
1335	5 
1336	1 
1337	4 
1338	4 
1339	3 
1340	1 
1341	4 
1342	3 
1343	2 
1344	2 
1345	1 
1346	4 
1347	5 
1348	1 
1349	5 
1350	1 
1351	1 
1352	1 
1353	3 
1354	1 
1355	2 
1356	3 
1357	5 
1358	2 
1359	5 
1360	4 
1361	5 
1362	5 
1363	1 
1364	1 
1365	1 
1366	1 
1367	1 
1368	3 
1369	1 
1370	1 
1371	5 
1372	2 
1373	4 
1374	2 
1375	2 
1376	1 
1377	1 
1378	3 
1379	1 
1380	4 
1381	5 
1382	1 
1383	3 
1384	1 
1385	5 
1386	2 
1387	5 
1388	1 
1389	3 
1390	3 
1391	3 
1392	5 
1393	2 
1394	1 
1395	5 
1396	3 
1397	1 
1398	3 
1399	5 
1400	3 
1401	5 
1402	3 
1403	1 
1404	5 
1405	2 
1406	1 
1407	1 
1408	1 
1409	3 
1410	1 
1411	2 
1412	3 
1413	1 
1414	3 
1415	2 
1416	3 
1417	5 
1418	1 
1419	4 
1420	5 
1421	3 
1422	3 
1423	2 
1424	5 
1425	1 
1426	1 
1427	2 
1428	4 
1429	4 
1430	1 
1431	1 
1432	5 
1433	5 
1434	3 
1435	3 
1436	4 
1437	1 
1438	2 
1439	5 
1440	1 
1441	3 
1442	3 
1443	2 
1444	3 
1445	5 
1446	1 
1447	3 
1448	5 
1449	4 
1450	3 
1451	3 
1452	3 
1453	3 
1454	5 
1455	1 
1456	1 
1457	3 
1458	1 
1459	4 
1460	1 
1461	5 
1462	1 
1463	4 
1464	1 
1465	5 
1466	4 
1467	3 
1468	3 
1469	3 
1470	3 
1471	2 
1472	4 
1473	5 
1474	3 
1475	4 
1476	1 
1477	2 
1478	2 
1479	1 
1480	5 
1481	2 
1482	1 
1483	1 
1484	1 
1485	1 
1486	3 
1487	1 
1488	1 
1489	4 
1490	4 
1491	1 
1492	2 
1493	1 
1494	2 
1495	5 
1496	5 
1497	4 
1498	5 
1499	4 
1500	4 
