1	203
1	715
1	1317
2	657
2	755
2	1036
3	420
3	1183
3	1377
4	498
4	1155
4	1437
5	525
5	608
5	1484
6	1092
6	1426
6	1434
7	244
7	1436
7	1489
8	74
8	1390
8	1467
9	747
9	1411
9	1494
10	653
10	1234
10	1476
11	52
11	691
11	1476
12	351
12	796
12	1220
13	412
13	682
13	942
14	519
14	1230
14	1293
15	468
15	1412
15	1452
16	1078
16	1101
16	1445
17	871
17	1270
17	1443
18	221
18	986
18	1379
19	556
19	1132
19	1373
20	729
20	1036
20	1072
21	373
21	749
21	1252
22	823
22	897
22	1457
23	1259
23	1339
23	1451
24	205
24	727
24	1210
25	647
25	1280
25	1468
26	223
26	340
26	1274
27	324
27	565
27	1173
28	38
28	227
28	398
29	321
29	1169
29	1228
30	930
30	1332
30	1378
31	1207
31	1310
31	1440
32	930
32	1022
32	1450
33	281
33	701
33	1050
34	325
34	907
34	1149
35	728
35	1377
35	1382
36	216
36	1135
36	1176
37	908
37	1263
37	1295
38	28
38	282
38	1172
39	354
39	1233
39	1453
40	795
40	879
40	1180
41	940
41	1318
41	1463
42	165
42	967
42	1443
43	1067
43	1118
43	1272
44	1125
44	1202
44	1455
45	569
45	572
45	973
46	795
46	1347
46	1454
47	758
47	762
47	1110
48	227
48	402
48	595
49	427
49	509
49	545
50	1319
50	1397
50	1476
51	407
51	749
51	934
52	11
52	97
52	1403
53	161
53	307
53	1385
54	450
54	736
54	1090
55	696
55	1243
55	1472
56	554
56	980
56	1417
57	145
57	924
57	1440
58	599
58	683
58	1245
59	1348
59	1352
59	1401
60	157
60	422
60	642
61	662
61	1371
61	1424
62	237
62	1162
62	1357
63	1087
63	1109
63	1325
64	271
64	880
64	1250
65	1160
65	1303
65	1445
66	352
66	1393
66	1427
67	1263
67	1316
67	1423
68	820
68	952
68	1278
69	500
69	673
69	1250
70	74
70	438
70	1265
71	824
71	1390
71	1413
72	85
72	460
72	1107
73	900
73	1251
73	1303
74	8
74	70
74	1389
75	129
75	1052
75	1269
76	574
76	950
76	1459
77	375
77	874
77	1377
78	216
78	1043
78	1463
79	197
79	445
79	744
80	1059
80	1114
80	1399
81	497
81	581
81	619
82	1226
82	1289
82	1465
83	856
83	1233
83	1485
84	199
84	1294
84	1397
85	72
85	1146
85	1202
86	176
86	1241
86	1405
87	141
87	562
87	1128
88	89
88	1247
88	1305
89	88
89	277
89	1496
90	312
90	853
90	1019
91	357
91	1064
91	1117
92	722
92	791
92	1486
93	818
93	1408
93	1487
94	119
94	627
94	1318
95	842
95	979
95	1057
96	393
96	569
96	1490
97	52
97	435
97	1107
98	689
98	959
98	1242
99	200
99	748
99	1410
100	699
100	777
100	1488
101	283
101	1103
101	1140
102	1024
102	1356
102	1409
103	727
103	1192
103	1197
104	353
104	757
104	1055
105	352
105	394
105	1456
106	1305
106	1326
106	1426
107	844
107	966
107	1262
108	120
108	736
108	878
109	462
109	667
109	1162
110	195
110	1090
110	1233
111	215
111	651
111	1493
112	167
112	470
112	1095
113	573
113	1124
113	1477
114	356
114	564
114	1393
115	608
115	1341
115	1419
116	919
116	1027
116	1135
117	195
117	633
117	1342
118	192
118	670
118	1482
119	94
119	213
119	341
120	108
120	443
120	1453
121	552
121	1148
121	1273
122	344
122	1395
122	1498
123	1017
123	1247
123	1404
124	144
124	291
124	1334
125	618
125	702
125	1455
126	313
126	708
126	896
127	245
127	834
127	1497
128	852
128	1118
128	1279
129	75
129	775
129	779
130	641
130	826
130	1361
131	830
131	835
131	1278
132	157
132	349
132	521
133	909
133	1133
133	1154
134	483
134	1061
134	1264
135	443
135	1007
135	1177
136	486
136	1059
136	1106
137	872
137	1061
137	1494
138	907
138	948
138	1469
139	436
139	1006
139	1469
140	204
140	1253
140	1318
141	87
141	690
141	1194
142	612
142	710
142	1088
143	499
143	865
143	1424
144	124
144	833
144	1168
145	57
145	540
145	1256
146	705
146	845
146	1163
147	319
147	863
147	945
148	503
148	825
148	1478
149	897
149	988
149	1311
150	261
150	401
150	1185
151	456
151	857
151	1162
152	648
152	1172
152	1213
153	457
153	1435
153	1490
154	571
154	1230
154	1306
155	404
155	958
155	1132
156	576
156	771
156	1419
157	60
157	132
157	1100
158	572
158	971
158	1014
159	385
159	1381
159	1461
160	491
160	1201
160	1424
161	53
161	1398
161	1461
162	206
162	1332
162	1403
163	506
163	1074
163	1459
164	556
164	595
164	993
165	42
165	529
165	1481
166	881
166	1388
166	1483
167	112
167	360
167	1352
168	665
168	871
168	1171
169	1057
169	1268
169	1343
170	317
170	598
170	868
171	874
171	908
171	1443
172	372
172	375
172	1093
173	882
173	1102
173	1276
174	789
174	1026
174	1424
175	1275
175	1413
175	1491
176	86
176	432
176	742
177	380
177	523
177	525
178	991
178	1276
178	1291
179	230
179	741
179	1393
180	1073
180	1210
180	1312
181	256
181	574
181	685
182	1121
182	1221
182	1484
183	404
183	1069
183	1380
184	1335
184	1401
184	1454
185	351
185	796
185	1278
186	489
186	597
186	1342
187	940
187	1000
187	1157
188	391
188	459
188	1259
189	628
189	868
189	1103
190	311
190	1170
190	1462
191	385
191	1172
191	1349
192	118
192	694
192	860
193	802
193	842
193	1270
194	477
194	1241
194	1492
195	110
195	117
195	460
196	204
196	401
196	1052
197	79
197	524
197	768
198	587
198	1234
198	1461
199	84
199	1190
199	1353
200	99
200	671
200	1094
201	508
201	957
201	1269
202	416
202	600
202	1262
203	1
203	996
203	1038
204	140
204	196
204	1428
205	24
205	545
205	1167
206	162
206	781
206	1033
207	290
207	361
207	455
208	495
208	925
208	1481
209	609
209	631
209	956
210	908
210	1345
210	1427
211	749
211	950
211	1020
212	553
212	1087
212	1425
213	119
213	1309
213	1475
214	371
214	912
214	950
215	111
215	246
215	1139
216	36
216	78
216	267
217	858
217	1098
217	1107
218	819
218	883
218	1498
219	758
219	785
219	1028
220	992
220	1184
220	1381
221	18
221	1388
221	1458
222	778
222	1402
222	1405
223	26
223	1384
223	1442
224	947
224	1254
224	1409
225	413
225	1121
225	1454
226	718
226	827
226	1157
227	28
227	48
227	597
228	462
228	1254
228	1335
229	947
229	1204
229	1288
230	179
230	832
230	855
231	813
231	966
231	978
232	408
232	795
232	1298
233	296
233	387
233	1142
234	873
234	971
234	1178
235	914
235	1393
235	1489
236	504
236	618
236	751
237	62
237	520
237	639
238	713
238	721
238	1439
239	679
239	1264
239	1485
240	552
240	567
240	1494
241	441
241	1127
241	1444
242	716
242	1094
242	1483
243	908
243	1106
243	1235
244	7
244	476
244	1091
245	127
245	259
245	443
246	215
246	929
246	1099
247	540
247	1198
247	1247
248	833
248	1056
248	1071
249	722
249	1133
249	1331
250	529
250	1068
250	1282
251	662
251	1097
251	1298
252	835
252	1490
252	1497
253	721
253	1464
253	1493
254	1029
254	1131
254	1134
255	715
255	929
255	1261
256	181
256	1025
256	1441
257	583
257	812
257	1037
258	911
258	1033
258	1435
259	245
259	917
259	1295
260	279
260	369
260	1183
261	150
261	643
261	765
262	318
262	520
262	946
263	286
263	771
263	1495
264	862
264	1319
264	1393
265	555
265	666
265	1301
266	509
266	1161
266	1321
267	216
267	1103
267	1466
268	626
268	815
268	1327
269	563
269	1304
269	1434
270	606
270	1214
270	1312
271	64
271	1081
271	1089
272	530
272	794
272	1063
273	360
273	1233
273	1279
274	321
274	1031
274	1449
275	999
275	1447
275	1452
276	355
276	1178
276	1476
277	89
277	1034
277	1254
278	414
278	876
278	1439
279	260
279	507
279	1430
280	611
280	769
280	1379
281	33
281	727
281	1200
282	38
282	417
282	1492
283	101
283	504
283	1122
284	478
284	887
284	1315
285	589
285	1034
285	1331
286	263
286	339
286	1302
287	1102
287	1221
287	1395
288	729
288	1307
288	1432
289	1272
289	1393
289	1477
290	207
290	919
290	1363
291	124
291	485
291	789
292	331
292	654
292	1485
293	1265
293	1356
293	1402
294	406
294	471
294	1329
295	717
295	1061
295	1215
296	233
296	621
296	900
297	339
297	386
297	927
298	534
298	1088
298	1424
299	502
299	1218
299	1465
300	519
300	522
300	1226
301	579
301	1434
301	1447
302	1312
302	1340
302	1456
303	566
303	1310
303	1329
304	660
304	872
304	1487
305	582
305	655
305	1187
306	320
306	999
306	1452
307	53
307	1104
307	1197
308	409
308	1044
308	1441
309	937
309	977
309	1219
310	458
310	617
310	1005
311	190
311	1296
311	1451
312	90
312	1282
312	1305
313	126
313	1403
313	1426
314	554
314	1006
314	1009
315	740
315	1040
315	1440
316	623
316	708
316	1177
317	170
317	1278
317	1346
318	262
318	468
318	1105
319	147
319	726
319	1498
320	306
320	370
320	725
321	29
321	274
321	1454
322	1032
322	1418
322	1456
323	514
323	518
323	942
324	27
324	609
324	806
325	34
325	1082
325	1314
326	1062
326	1357
326	1387
327	1066
327	1259
327	1425
328	1117
328	1459
328	1497
329	377
329	412
329	1470
330	720
330	1266
330	1333
331	292
331	706
331	1315
332	401
332	1194
332	1487
333	691
333	1215
333	1374
334	337
334	981
334	1375
335	687
335	1321
335	1404
336	776
336	988
336	1400
337	334
337	930
337	1356
338	1334
338	1368
338	1447
339	286
339	297
339	810
340	26
340	515
340	1098
341	119
341	1295
341	1329
342	502
342	974
342	1330
343	840
343	1242
343	1464
344	122
344	418
344	767
345	666
345	930
345	1082
346	356
346	967
346	1415
347	579
347	1314
347	1415
348	853
348	1161
348	1321
349	132
349	982
349	1431
350	516
350	693
350	893
351	12
351	185
351	1284
352	66
352	105
352	717
353	104
353	770
353	1338
354	39
354	391
354	1323
355	276
355	636
355	1022
356	114
356	346
356	953
357	91
357	1178
357	1203
358	425
358	1138
358	1192
359	901
359	1358
359	1421
360	167
360	273
360	678
361	207
361	1214
361	1249
362	840
362	955
362	1480
363	1115
363	1347
363	1354
364	906
364	1065
364	1078
365	1079
365	1385
365	1495
366	855
366	1035
366	1423
367	468
367	854
367	912
368	744
368	847
368	1001
369	260
369	760
369	1205
370	320
370	424
370	813
371	214
371	716
371	1314
372	172
372	620
372	843
373	21
373	1304
373	1474
374	519
374	620
374	909
375	77
375	172
375	570
376	575
376	759
376	1000
377	329
377	479
377	871
378	1164
378	1288
378	1452
379	1047
379	1462
379	1478
380	177
380	1160
380	1362
381	1053
381	1130
381	1160
382	682
382	940
382	968
383	644
383	648
383	1225
384	512
384	1089
384	1415
385	159
385	191
385	612
386	297
386	986
386	1410
387	233
387	426
387	1176
388	705
388	1073
388	1193
389	511
389	1197
389	1465
390	792
390	968
390	1074
391	188
391	354
391	1164
392	711
392	1094
392	1423
393	96
393	398
393	1315
394	105
394	690
394	1080
395	651
395	675
395	1252
396	847
396	1278
396	1484
397	818
397	858
397	862
398	28
398	393
398	605
399	916
399	1050
399	1182
400	902
400	972
400	1108
401	150
401	196
401	332
402	48
402	584
402	1102
403	1271
403	1389
403	1434
404	155
404	183
404	1373
405	1179
405	1346
405	1475
406	294
406	565
406	875
407	51
407	552
407	695
408	232
408	617
408	843
409	308
409	442
409	805
410	813
410	1416
410	1474
411	414
411	900
411	1457
412	13
412	329
412	1149
413	225
413	464
413	658
414	278
414	411
414	807
415	1046
415	1159
415	1290
416	202
416	750
416	1253
417	282
417	799
417	1231
418	344
418	1114
418	1384
419	664
419	968
419	987
420	3
420	501
420	1370
421	891
421	1165
421	1489
422	60
422	1138
422	1156
423	1141
423	1307
423	1371
424	370
424	531
424	1361
425	358
425	1238
425	1433
426	387
426	1176
426	1417
427	49
427	933
427	1207
428	548
428	631
428	844
429	729
429	801
429	1189
430	920
430	937
430	1066
431	446
431	880
431	1193
432	176
432	589
432	1371
433	806
433	810
433	1430
434	800
434	1359
434	1473
435	97
435	1200
435	1479
436	139
436	703
436	740
437	744
437	764
437	1198
438	70
438	1020
438	1468
439	478
439	693
439	865
440	1068
440	1120
440	1343
441	241
441	777
441	1049
442	409
442	1363
442	1426
443	120
443	135
443	245
444	541
444	727
444	1299
445	79
445	1028
445	1275
446	431
446	707
446	1268
447	1009
447	1237
447	1420
448	932
448	1036
448	1321
449	797
449	1082
449	1208
450	54
450	1090
450	1195
451	832
451	1212
451	1270
452	922
452	1294
452	1479
453	932
453	935
453	1445
454	783
454	1062
454	1063
455	207
455	1103
455	1122
456	151
456	653
456	1448
457	153
457	1457
457	1493
458	310
458	924
458	1084
459	188
459	482
459	1292
460	72
460	195
460	936
461	896
461	1199
461	1240
462	109
462	228
462	1313
463	1137
463	1189
463	1473
464	413
464	937
464	1331
465	1058
465	1326
465	1410
466	848
466	1288
466	1316
467	901
467	1458
467	1479
468	15
468	318
468	367
469	588
469	625
469	661
470	112
470	993
470	1255
471	294
471	1036
471	1462
472	882
472	936
472	1458
473	731
473	1079
473	1336
474	488
474	1206
474	1398
475	1219
475	1361
475	1433
476	244
476	614
476	963
477	194
477	900
477	1385
478	284
478	439
478	1046
479	377
479	1138
479	1417
480	625
480	1069
480	1122
481	635
481	659
481	953
482	459
482	812
482	1468
483	134
483	897
483	1423
484	1155
484	1202
484	1206
485	291
485	954
485	1133
486	136
486	551
486	1197
487	544
487	797
487	812
488	474
488	957
488	1049
489	186
489	1254
489	1392
490	594
490	827
490	1484
491	160
491	706
491	1439
492	1000
492	1324
492	1469
493	680
493	870
493	1477
494	647
494	998
494	1310
495	208
495	816
495	1124
496	890
496	915
496	1346
497	81
497	861
497	1246
498	4
498	597
498	788
499	143
499	734
499	1358
500	69
500	684
500	1381
501	420
501	1027
501	1446
502	299
502	342
502	1491
503	148
503	747
503	1443
504	236
504	283
504	1187
505	867
505	1247
505	1345
506	163
506	1076
506	1295
507	279
507	1183
507	1446
508	201
508	1337
508	1468
509	49
509	266
509	1164
510	661
510	774
510	1472
511	389
511	562
511	1348
512	384
512	1415
512	1478
513	1018
513	1191
513	1229
514	323
514	1396
514	1397
515	340
515	671
515	1447
516	350
516	1079
516	1388
517	844
517	931
517	1392
518	323
518	621
518	879
519	14
519	300
519	374
520	237
520	262
520	1394
521	132
521	1180
521	1390
522	300
522	938
522	1479
523	177
523	909
523	1188
524	197
524	1047
524	1131
525	5
525	177
525	718
526	982
526	1080
526	1305
527	909
527	1197
527	1289
528	882
528	1312
528	1371
529	165
529	250
529	1258
530	272
530	926
530	1124
531	424
531	1154
531	1170
532	791
532	1172
532	1364
533	904
533	1172
533	1469
534	298
534	934
534	1444
535	649
535	1137
535	1286
536	1053
536	1060
536	1097
537	955
537	961
537	1211
538	736
538	804
538	1146
539	997
539	1198
539	1277
540	145
540	247
540	1484
541	444
541	550
541	1280
542	1099
542	1333
542	1350
543	1200
543	1328
543	1482
544	487
544	1010
544	1092
544	1441
545	49
545	205
545	831
545	1169
546	741
546	800
546	888
546	1371
547	923
547	946
547	1336
547	1431
548	428
548	842
548	1327
548	1443
549	695
549	815
549	926
549	1386
550	541
550	822
550	1143
550	1324
551	486
551	999
551	1223
551	1422
552	121
552	240
552	407
552	803
553	212
553	766
553	939
553	1227
554	56
554	314
554	769
554	1367
555	265
555	591
555	1119
555	1453
556	19
556	164
556	921
556	1076
557	970
557	1106
557	1199
557	1481
558	568
558	1283
558	1362
558	1495
559	1276
559	1339
559	1409
559	1469
560	587
560	646
560	1380
560	1399
561	731
561	860
561	911
561	925
562	87
562	511
562	1322
562	1377
563	269
563	972
563	1053
563	1372
564	114
564	584
564	825
564	1478
565	27
565	406
565	635
565	769
566	303
566	674
566	767
566	1458
567	240
567	734
567	951
567	1193
568	558
568	1030
568	1401
568	1445
569	45
569	96
569	1116
569	1459
570	375
570	1128
570	1258
570	1408
571	154
571	615
571	1030
571	1217
572	45
572	158
572	1126
572	1489
573	113
573	1166
573	1370
573	1440
574	76
574	181
574	1142
574	1318
575	376
575	633
575	1339
575	1353
576	156
576	1023
576	1044
576	1260
577	640
577	1100
577	1460
577	1464
578	926
578	1450
578	1478
578	1494
579	301
579	347
579	1236
579	1246
580	779
580	1058
580	1373
580	1380
581	81
581	1338
581	1351
581	1484
582	305
582	627
582	1051
582	1489
583	257
583	1425
583	1464
583	1493
584	402
584	564
584	1375
584	1443
585	822
585	1206
585	1342
585	1368
586	867
586	881
586	1285
586	1479
587	198
587	560
587	850
587	889
588	469
588	702
588	996
588	1308
589	285
589	432
589	1200
589	1283
590	659
590	920
590	1232
590	1321
591	555
591	790
591	1388
591	1429
592	639
592	840
592	859
592	1463
593	765
593	1320
593	1330
593	1428
594	490
594	679
594	1083
594	1340
595	48
595	164
595	822
595	1291
596	998
596	1317
596	1471
596	1484
597	186
597	227
597	498
597	1473
598	170
598	789
598	917
598	1145
599	58
599	671
599	1409
599	1457
600	202
600	676
600	918
600	1430
601	874
601	1215
601	1257
601	1471
602	867
602	919
602	1018
602	1096
603	934
603	1032
603	1163
603	1470
604	897
604	901
604	1359
604	1400
605	398
605	697
605	1242
605	1388
606	270
606	982
606	1406
606	1438
607	925
607	1038
607	1185
607	1293
608	5
608	115
608	1025
608	1048
609	209
609	324
609	874
609	1111
610	673
610	853
610	958
610	1191
611	280
611	971
611	1354
611	1459
612	142
612	385
612	639
612	1241
613	687
613	992
613	1273
613	1370
614	476
614	796
614	962
614	1380
615	571
615	1097
615	1254
615	1392
616	1050
616	1181
616	1191
616	1417
617	310
617	408
617	987
617	1480
618	125
618	236
618	1360
618	1472
619	81
619	985
619	1485
619	1488
620	372
620	374
620	1405
620	1480
621	296
621	518
621	1010
621	1442
622	875
622	1109
622	1222
622	1397
623	316
623	785
623	786
623	1253
624	971
624	1009
624	1283
624	1431
625	469
625	480
625	888
625	1295
626	268
626	660
626	918
626	1432
627	94
627	582
627	1346
627	1427
628	189
628	756
628	1002
628	1006
629	1132
629	1214
629	1360
629	1475
630	686
630	1055
630	1419
630	1454
631	209
631	428
631	1007
631	1077
632	864
632	1224
632	1243
632	1484
633	117
633	575
633	1028
633	1467
634	875
634	960
634	969
634	1089
635	481
635	565
635	811
635	1214
636	355
636	710
636	1366
636	1431
637	664
637	1152
637	1248
637	1360
638	737
638	1279
638	1380
638	1500
639	237
639	592
639	612
639	1262
640	577
640	758
640	1233
640	1421
641	130
641	677
641	706
641	1410
642	60
642	662
642	961
642	1431
643	261
643	830
643	890
643	1170
644	383
644	960
644	1351
644	1425
645	903
645	1301
645	1340
645	1418
646	560
646	932
646	1203
646	1448
647	25
647	494
647	1257
647	1400
648	152
648	383
648	1252
648	1326
649	535
649	922
649	1223
649	1256
650	941
650	1192
650	1362
650	1471
651	111
651	395
651	1288
651	1317
652	760
652	941
652	1291
652	1473
653	10
653	456
653	843
653	1154
654	292
654	866
654	1095
654	1289
655	305
655	968
655	1346
655	1429
656	724
656	992
656	1166
656	1495
657	2
657	1034
657	1169
657	1417
658	413
658	876
658	1328
658	1458
659	481
659	590
659	1099
659	1136
660	304
660	626
660	1405
660	1494
661	469
661	510
661	682
661	857
662	61
662	251
662	642
662	1445
663	853
663	1217
663	1296
663	1328
664	419
664	637
664	696
664	766
665	168
665	935
665	1404
665	1461
666	265
666	345
666	1410
666	1485
667	109
667	1167
667	1349
667	1361
668	1136
668	1249
668	1382
668	1483
669	836
669	1071
669	1211
669	1269
670	118
670	886
670	1247
670	1276
671	200
671	515
671	599
671	1414
672	1175
672	1284
672	1446
672	1500
673	69
673	610
673	1060
673	1235
674	566
674	955
674	1200
674	1305
675	395
675	838
675	1127
675	1353
676	600
676	918
676	1240
676	1483
677	641
677	1084
677	1433
677	1458
678	360
678	904
678	1100
678	1376
679	239
679	594
679	1261
679	1408
680	493
680	1246
680	1330
680	1485
681	841
681	1159
681	1463
681	1497
682	13
682	382
682	661
682	1260
683	58
683	1406
683	1414
683	1451
684	500
684	787
684	932
684	1229
685	181
685	750
685	826
685	1449
686	630
686	796
686	886
686	915
687	335
687	613
687	1208
687	1334
688	911
688	1011
688	1203
688	1461
689	98
689	790
689	1237
689	1467
690	141
690	394
690	1095
690	1100
691	11
691	333
691	817
691	1369
692	985
692	1040
692	1255
692	1483
693	350
693	439
693	850
693	1253
694	192
694	764
694	961
694	1013
695	407
695	549
695	951
695	1423
696	55
696	664
696	1242
696	1475
697	605
697	1225
697	1258
697	1485
698	803
698	1235
698	1386
698	1492
699	100
699	1044
699	1378
699	1466
700	710
700	1277
700	1357
700	1488
701	33
701	1312
701	1367
701	1456
702	125
702	588
702	1428
702	1490
703	436
703	805
703	896
703	1029
704	739
704	898
704	1189
704	1211
705	146
705	388
705	1111
705	1411
706	331
706	491
706	641
706	789
707	446
707	970
707	1171
707	1411
708	126
708	316
708	1159
708	1178
709	906
709	966
709	1245
709	1414
710	142
710	636
710	700
710	1349
711	392
711	1107
711	1293
711	1352
712	862
712	969
712	1384
712	1476
713	238
713	1078
713	1086
713	1147
714	1105
714	1122
714	1253
714	1429
715	1
715	255
715	1350
715	1383
716	242
716	371
716	1223
716	1396
717	295
717	352
717	1195
717	1239
718	226
718	525
718	1037
718	1292
719	1091
719	1145
719	1442
719	1449
720	330
720	919
720	1065
720	1339
721	238
721	253
721	1143
721	1342
722	92
722	249
722	1255
722	1388
723	831
723	1097
723	1228
723	1460
724	656
724	1372
724	1454
724	1473
725	320
725	838
725	1441
725	1451
726	319
726	879
726	894
726	1011
727	24
727	103
727	281
727	444
728	35
728	1033
728	1096
728	1256
729	20
729	288
729	429
729	1381
730	1218
730	1433
730	1473
730	1498
731	473
731	561
731	1059
731	1392
732	1023
732	1048
732	1135
732	1463
733	950
733	1056
733	1147
733	1435
734	499
734	567
734	832
734	931
735	1212
735	1240
735	1252
735	1291
736	54
736	108
736	538
736	964
737	638
737	939
737	1436
737	1466
738	825
738	1063
738	1081
738	1375
739	704
739	1074
739	1187
739	1227
740	315
740	436
740	1353
740	1400
741	179
741	546
741	1218
741	1498
742	176
742	941
742	1381
742	1422
743	972
743	1118
743	1130
743	1139
744	79
744	368
744	437
744	1215
745	917
745	974
745	1466
745	1489
746	1165
746	1306
746	1428
746	1429
747	9
747	503
747	1007
747	1108
748	99
748	1163
748	1416
748	1422
749	21
749	51
749	211
749	1163
750	416
750	685
750	1122
750	1337
751	236
751	1031
751	1416
751	1429
752	1042
752	1113
752	1164
752	1332
753	766
753	944
753	1360
753	1463
754	1179
754	1185
754	1312
754	1350
755	2
755	1158
755	1292
755	1359
756	628
756	1105
756	1149
756	1402
757	104
757	826
757	1305
757	1373
758	47
758	219
758	640
758	1316
759	376
759	1280
759	1383
759	1453
760	369
760	652
760	1184
760	1473
761	975
761	1238
761	1307
761	1424
762	47
762	942
762	983
762	1469
763	976
763	1374
763	1386
763	1499
764	437
764	694
764	1263
764	1384
765	261
765	593
765	890
765	1473
766	553
766	664
766	753
766	798
767	344
767	566
767	775
767	1445
768	197
768	882
768	1095
768	1336
769	280
769	554
769	565
769	1413
770	353
770	1140
770	1341
770	1499
771	156
771	263
771	1188
771	1437
772	903
772	1121
772	1129
772	1399
773	880
773	1057
773	1118
773	1374
774	510
774	966
774	1137
774	1316
775	129
775	767
775	800
775	1039
776	336
776	1010
776	1147
776	1241
777	100
777	441
777	930
777	1374
778	222
778	1231
778	1372
778	1374
779	129
779	580
779	921
779	1281
780	923
780	1001
780	1123
780	1247
781	206
781	1151
781	1208
781	1391
782	845
782	957
782	1223
782	1271
783	454
783	1182
783	1184
783	1289
784	859
784	945
784	1168
784	1192
785	219
785	623
785	1227
785	1499
786	623
786	825
786	974
786	1177
787	684
787	1257
787	1271
787	1457
788	498
788	965
788	1283
788	1422
789	174
789	291
789	598
789	706
790	591
790	689
790	1080
790	1225
791	92
791	532
791	960
791	1396
792	390
792	1379
792	1380
792	1428
793	1156
793	1193
793	1268
793	1415
794	272
794	1045
794	1270
794	1327
795	40
795	46
795	232
795	1392
796	12
796	185
796	614
796	686
797	449
797	487
797	1319
797	1467
798	766
798	963
798	1097
798	1429
799	417
799	842
799	1375
799	1427
800	434
800	546
800	775
800	1081
801	429
801	871
801	1155
801	1496
802	193
802	951
802	1111
802	1344
803	552
803	698
803	1186
803	1268
804	538
804	1024
804	1113
804	1483
805	409
805	703
805	1366
805	1432
806	324
806	433
806	991
806	1104
807	414
807	1158
807	1320
807	1385
808	1067
808	1208
808	1353
808	1416
809	859
809	876
809	975
809	1203
810	339
810	433
810	1198
810	1343
811	635
811	973
811	1379
811	1425
812	257
812	482
812	487
812	1151
813	231
813	370
813	410
813	982
814	1217
814	1225
814	1329
814	1408
815	268
815	549
815	1045
815	1481
816	495
816	956
816	1107
816	1358
817	691
817	891
817	1363
817	1484
818	93
818	397
818	1326
818	1460
819	218
819	1030
819	1167
819	1232
820	68
820	1220
820	1281
820	1447
821	916
821	1114
821	1238
821	1385
822	550
822	585
822	595
822	1470
823	22
823	881
823	901
823	1314
824	71
824	1216
824	1246
824	1348
825	148
825	564
825	738
825	786
826	130
826	685
826	757
826	963
827	226
827	490
827	1305
827	1483
828	1088
828	1124
828	1287
828	1494
829	851
829	934
829	1245
829	1314
830	131
830	643
830	992
830	1463
831	545
831	723
831	1209
831	1307
832	230
832	451
832	734
832	1481
833	144
833	248
833	907
833	957
834	127
834	949
834	1362
834	1428
835	131
835	252
835	1424
835	1499
836	669
836	1304
836	1400
836	1451
837	1185
837	1237
837	1345
837	1383
838	675
838	725
838	1164
838	1452
839	1078
839	1086
839	1190
839	1194
840	343
840	362
840	592
840	1167
841	681
841	910
841	977
841	1043
842	95
842	193
842	548
842	799
843	372
843	408
843	653
843	1418
844	107
844	428
844	517
844	1411
845	146
845	782
845	1024
845	1083
846	975
846	994
846	1058
846	1281
847	368
847	396
847	1146
847	1252
848	466
848	1044
848	1086
848	1359
849	1181
849	1350
849	1408
849	1500
850	587
850	693
850	1052
850	1402
851	829
851	1109
851	1300
851	1364
852	128
852	1038
852	1202
852	1291
853	90
853	348
853	610
853	663
853	1454
854	367
854	1330
854	1384
854	1394
854	1491
855	230
855	366
855	868
855	1264
855	1438
856	83
856	1167
856	1333
856	1368
856	1412
857	151
857	661
857	977
857	1031
857	1152
858	217
858	397
858	869
858	996
858	1302
859	592
859	784
859	809
859	1101
859	1267
860	192
860	561
860	1271
860	1319
860	1394
861	497
861	881
861	937
861	1075
861	1430
862	264
862	397
862	712
862	904
862	1021
863	147
863	1029
863	1225
863	1243
863	1302
864	632
864	1131
864	1346
864	1365
864	1407
865	143
865	439
865	885
865	1141
865	1273
866	654
866	1109
866	1251
866	1381
866	1401
867	505
867	586
867	602
867	1252
867	1425
868	170
868	189
868	855
868	1419
868	1472
869	858
869	1019
869	1128
869	1394
869	1493
870	493
870	914
870	1231
870	1262
870	1386
871	17
871	168
871	377
871	801
871	1229
872	137
872	304
872	951
872	1043
872	1438
873	234
873	1059
873	1313
873	1417
873	1420
874	77
874	171
874	601
874	609
874	1270
875	406
875	622
875	634
875	1381
875	1382
876	278
876	658
876	809
876	1331
876	1448
877	1095
877	1126
877	1244
877	1313
877	1491
878	108
878	1117
878	1119
878	1144
878	1485
879	40
879	518
879	726
879	1162
879	1432
880	64
880	431
880	773
880	1239
880	1471
881	166
881	586
881	823
881	861
881	1174
882	173
882	472
882	528
882	768
882	1430
883	218
883	1217
883	1251
883	1307
883	1347
884	913
884	984
884	1001
884	1299
884	1413
885	865
885	1143
885	1266
885	1412
885	1469
886	670
886	686
886	1198
886	1299
886	1348
887	284
887	909
887	1315
887	1475
887	1495
888	546
888	625
888	949
888	1116
888	1320
889	587
889	1057
889	1061
889	1073
889	1358
890	496
890	643
890	765
890	1300
890	1459
891	421
891	817
891	917
891	1222
891	1500
892	963
892	1008
892	1061
892	1177
892	1500
893	350
893	1081
893	1199
893	1272
893	1327
894	726
894	896
894	1075
894	1144
894	1460
895	1042
895	1096
895	1157
895	1204
895	1453
896	126
896	461
896	703
896	894
896	1155
897	22
897	149
897	483
897	604
897	1434
898	704
898	1079
898	1203
898	1245
898	1399
899	1085
899	1202
899	1210
899	1243
899	1352
900	73
900	296
900	411
900	477
900	980
901	359
901	467
901	604
901	823
901	1442
902	400
902	1110
902	1336
902	1407
902	1425
903	645
903	772
903	1104
903	1371
903	1433
904	533
904	678
904	862
904	1209
904	1397
905	1064
905	1067
905	1077
905	1120
905	1186
906	364
906	709
906	1006
906	1055
906	1322
907	34
907	138
907	833
907	1149
907	1323
908	37
908	171
908	210
908	243
908	1112
909	133
909	374
909	523
909	527
909	887
910	841
910	1043
910	1103
910	1337
910	1436
911	258
911	561
911	688
911	1205
911	1403
912	214
912	367
912	1056
912	1190
912	1266
913	884
913	1070
913	1224
913	1297
913	1480
914	235
914	870
914	1073
914	1344
914	1358
915	496
915	686
915	1060
915	1122
915	1490
916	399
916	821
916	1113
916	1168
916	1283
917	259
917	598
917	745
917	891
917	938
918	600
918	626
918	676
918	1344
918	1427
919	116
919	290
919	602
919	720
919	1300
920	430
920	590
920	1389
920	1401
920	1448
921	556
921	779
921	952
921	1003
921	1449
922	452
922	649
922	1101
922	1353
922	1451
923	547
923	780
923	956
923	1351
923	1354
924	57
924	458
924	1201
924	1361
924	1392
925	208
925	561
925	607
925	1046
925	1364
926	530
926	549
926	578
926	956
926	1314
927	297
927	959
927	1158
927	1397
927	1464
928	989
928	1014
928	1248
928	1463
928	1499
929	246
929	255
929	982
929	1366
929	1444
930	30
930	32
930	337
930	345
930	777
931	517
931	734
931	956
931	990
931	1343
932	448
932	453
932	646
932	684
932	1324
933	427
933	1217
933	1238
933	1360
933	1420
934	51
934	534
934	603
934	829
934	1269
935	453
935	665
935	1101
935	1361
935	1496
936	460
936	472
936	1032
936	1336
936	1379
937	309
937	430
937	464
937	861
937	1335
938	522
938	917
938	1367
938	1384
938	1446
939	553
939	737
939	952
939	1327
939	1428
940	41
940	187
940	382
940	974
940	1116
941	650
941	652
941	742
941	1114
941	1298
942	13
942	323
942	762
942	1296
942	1400
943	964
943	1205
943	1304
943	1390
943	1474
944	753
944	968
944	1320
944	1354
944	1449
945	147
945	784
945	1251
945	1392
945	1482
946	262
946	547
946	1102
946	1153
946	1482
947	224
947	229
947	1266
947	1315
947	1442
948	138
948	1153
948	1175
948	1356
948	1414
949	834
949	888
949	1062
949	1466
949	1500
950	76
950	211
950	214
950	733
950	1236
951	567
951	695
951	802
951	872
951	1468
952	68
952	921
952	939
952	1069
952	1373
953	356
953	481
953	1171
953	1393
953	1471
954	485
954	997
954	1213
954	1399
954	1495
955	362
955	537
955	674
955	1321
955	1404
956	209
956	816
956	923
956	926
956	931
957	201
957	488
957	782
957	833
957	1457
958	155
958	610
958	1267
958	1273
958	1480
959	98
959	927
959	1226
959	1256
959	1456
960	634
960	644
960	791
960	1124
960	1244
961	537
961	642
961	694
961	1030
961	1267
962	614
962	974
962	1136
962	1449
962	1472
963	476
963	798
963	826
963	892
963	1338
964	736
964	943
964	1083
964	1311
964	1318
965	788
965	1010
965	1114
965	1168
965	1241
966	107
966	231
966	709
966	774
966	1082
967	42
967	346
967	1070
967	1264
967	1386
968	382
968	390
968	419
968	655
968	944
969	634
969	712
969	1008
969	1363
969	1437
970	557
970	707
970	1382
970	1411
970	1415
971	158
971	234
971	611
971	624
971	1483
972	400
972	563
972	743
972	995
972	1327
973	45
973	811
973	1069
973	1165
973	1175
974	342
974	745
974	786
974	940
974	962
975	761
975	809
975	846
975	1003
975	1395
976	763
976	1072
976	1250
976	1427
976	1477
977	309
977	841
977	857
977	1152
977	1490
978	231
978	1236
978	1311
978	1353
978	1474
979	95
979	1132
979	1145
979	1318
979	1436
980	56
980	900
980	1258
980	1290
980	1325
981	334
981	1053
981	1215
981	1239
981	1343
982	349
982	526
982	606
982	813
982	929
983	762
983	1174
983	1345
983	1351
983	1440
984	884
984	1115
984	1119
984	1212
984	1316
985	619
985	692
985	1279
985	1290
985	1433
986	18
986	386
986	1087
986	1139
986	1335
987	419
987	617
987	1173
987	1318
987	1463
988	149
988	336
988	1041
988	1224
988	1294
989	928
989	1135
989	1260
989	1429
989	1437
990	931
990	1015
990	1294
990	1304
990	1389
991	178
991	806
991	1009
991	1127
991	1479
992	220
992	613
992	656
992	830
992	1283
993	164
993	470
993	1205
993	1209
993	1491
994	846
994	1152
994	1227
994	1239
994	1260
995	972
995	1035
995	1120
995	1249
995	1481
996	203
996	588
996	858
996	1408
996	1430
997	539
997	954
997	1039
997	1435
997	1498
998	494
998	596
998	1340
998	1351
998	1369
999	275
999	306
999	551
999	1409
999	1467
1000	187
1000	376
1000	492
1000	1083
1000	1098
1001	368
1001	780
1001	884
1001	1046
1001	1134
1002	628
1002	1450
1002	1453
1002	1462
1002	1469
1003	921
1003	975
1003	1158
1003	1349
1003	1387
1004	1143
1004	1195
1004	1389
1004	1402
1004	1422
1005	310
1005	1150
1005	1341
1005	1466
1005	1475
1006	139
1006	314
1006	628
1006	906
1006	1288
1007	135
1007	631
1007	747
1007	1262
1007	1372
1008	892
1008	969
1008	1145
1008	1308
1008	1459
1009	314
1009	447
1009	624
1009	991
1009	1456
1010	544
1010	621
1010	776
1010	965
1010	1391
1011	688
1011	726
1011	1017
1011	1158
1011	1440
1012	1019
1012	1301
1012	1412
1012	1430
1012	1458
1013	694
1013	1119
1013	1248
1013	1458
1013	1487
1014	158
1014	928
1014	1058
1014	1130
1014	1253
1015	990
1015	1092
1015	1219
1015	1421
1015	1470
1016	1174
1016	1251
1016	1347
1016	1385
1016	1495
1017	123
1017	1011
1017	1349
1017	1350
1017	1498
1018	513
1018	602
1018	1084
1018	1334
1018	1498
1019	90
1019	869
1019	1012
1019	1409
1019	1479
1020	211
1020	438
1020	1143
1020	1266
1020	1408
1021	862
1021	1140
1021	1295
1021	1373
1021	1466
1022	32
1022	355
1022	1317
1022	1408
1022	1455
1023	576
1023	732
1023	1337
1023	1400
1023	1472
1024	102
1024	804
1024	845
1024	1402
1024	1459
1025	256
1025	608
1025	1058
1025	1076
1025	1189
1026	174
1026	1184
1026	1310
1026	1387
1026	1404
1027	116
1027	501
1027	1064
1027	1226
1027	1363
1028	219
1028	445
1028	633
1028	1474
1028	1486
1029	254
1029	703
1029	863
1029	1054
1029	1306
1030	568
1030	571
1030	819
1030	961
1030	1497
1031	274
1031	751
1031	857
1031	1055
1031	1143
1032	322
1032	603
1032	936
1032	1066
1032	1485
1033	206
1033	258
1033	728
1033	1437
1033	1462
1034	277
1034	285
1034	657
1034	1277
1034	1461
1035	366
1035	995
1035	1120
1035	1282
1035	1477
1036	2
1036	20
1036	448
1036	471
1036	1480
1037	257
1037	718
1037	1049
1037	1342
1037	1344
1038	203
1038	607
1038	852
1038	1243
1038	1309
1039	775
1039	997
1039	1180
1039	1201
1039	1275
1040	315
1040	692
1040	1161
1040	1300
1040	1413
1041	988
1041	1090
1041	1129
1041	1396
1041	1467
1042	752
1042	895
1042	1054
1042	1333
1042	1378
1043	78
1043	841
1043	872
1043	910
1043	1048
1044	308
1044	576
1044	699
1044	848
1044	1468
1045	794
1045	815
1045	1263
1045	1265
1045	1355
1046	415
1046	478
1046	925
1046	1001
1046	1455
1047	379
1047	524
1047	1377
1047	1413
1047	1493
1048	608
1048	732
1048	1043
1048	1152
1048	1426
1049	441
1049	488
1049	1037
1049	1378
1049	1424
1050	33
1050	399
1050	616
1050	1141
1050	1361
1051	582
1051	1140
1051	1144
1051	1278
1051	1436
1052	75
1052	196
1052	850
1052	1088
1052	1303
1053	381
1053	536
1053	563
1053	981
1053	1327
1054	1029
1054	1042
1054	1230
1054	1299
1054	1458
1055	104
1055	630
1055	906
1055	1031
1055	1459
1056	248
1056	733
1056	912
1056	1396
1056	1469
1057	95
1057	169
1057	773
1057	889
1057	1250
1058	465
1058	580
1058	846
1058	1014
1058	1025
1059	80
1059	136
1059	731
1059	873
1059	1335
1060	536
1060	673
1060	915
1060	1129
1060	1238
1061	134
1061	137
1061	295
1061	889
1061	892
1062	326
1062	454
1062	949
1062	1097
1062	1234
1063	272
1063	454
1063	738
1063	1287
1063	1355
1064	91
1064	905
1064	1027
1064	1178
1064	1418
1065	364
1065	720
1065	1086
1065	1435
1065	1441
1066	327
1066	430
1066	1032
1066	1329
1066	1350
1067	43
1067	808
1067	905
1067	1072
1067	1374
1068	250
1068	440
1068	1287
1068	1372
1068	1411
1069	183
1069	480
1069	952
1069	973
1069	1496
1070	913
1070	967
1070	1087
1070	1179
1070	1297
1071	248
1071	669
1071	1280
1071	1356
1071	1370
1072	20
1072	976
1072	1067
1072	1240
1072	1423
1073	180
1073	388
1073	889
1073	914
1073	1270
1074	163
1074	390
1074	739
1074	1182
1074	1341
1075	861
1075	894
1075	1125
1075	1185
1075	1330
1076	506
1076	556
1076	1025
1076	1419
1076	1500
1077	631
1077	905
1077	1148
1077	1282
1077	1471
1078	16
1078	364
1078	713
1078	839
1078	1311
1079	365
1079	473
1079	516
1079	898
1079	1182
1080	394
1080	526
1080	790
1080	1102
1080	1297
1081	271
1081	738
1081	800
1081	893
1081	1415
1081	1477
1082	325
1082	345
1082	449
1082	966
1082	1286
1082	1421
1083	594
1083	845
1083	964
1083	1000
1083	1324
1083	1421
1084	458
1084	677
1084	1018
1084	1221
1084	1395
1084	1401
1085	899
1085	1096
1085	1191
1085	1196
1085	1340
1085	1377
1086	713
1086	839
1086	848
1086	1065
1086	1119
1086	1444
1087	63
1087	212
1087	986
1087	1070
1087	1188
1087	1483
1088	142
1088	298
1088	828
1088	1052
1088	1461
1088	1465
1089	271
1089	384
1089	634
1089	1186
1089	1327
1089	1415
1090	54
1090	110
1090	450
1090	1041
1090	1168
1090	1339
1091	244
1091	719
1091	1173
1091	1188
1091	1220
1091	1360
1092	6
1092	544
1092	1015
1092	1332
1092	1444
1092	1448
1093	172
1093	1115
1093	1213
1093	1406
1093	1440
1093	1488
1094	200
1094	242
1094	392
1094	1300
1094	1336
1094	1356
1095	112
1095	654
1095	690
1095	768
1095	877
1095	1348
1096	602
1096	728
1096	895
1096	1085
1096	1244
1096	1376
1097	251
1097	536
1097	615
1097	723
1097	798
1097	1062
1098	217
1098	340
1098	1000
1098	1435
1098	1444
1098	1474
1099	246
1099	542
1099	659
1099	1357
1099	1370
1099	1410
1100	157
1100	577
1100	678
1100	690
1100	1115
1100	1446
1101	16
1101	859
1101	922
1101	935
1101	1315
1101	1381
1102	173
1102	287
1102	402
1102	946
1102	1080
1102	1146
1103	101
1103	189
1103	267
1103	455
1103	910
1103	1307
1104	307
1104	806
1104	903
1104	1170
1104	1296
1104	1357
1105	318
1105	714
1105	756
1105	1204
1105	1398
1105	1470
1106	136
1106	243
1106	557
1106	1111
1106	1262
1106	1372
1107	72
1107	97
1107	217
1107	711
1107	816
1107	1394
1108	400
1108	747
1108	1263
1108	1395
1108	1471
1108	1478
1109	63
1109	622
1109	851
1109	866
1109	1276
1109	1462
1110	47
1110	902
1110	1209
1110	1285
1110	1367
1110	1464
1111	609
1111	705
1111	802
1111	1106
1111	1324
1111	1411
1112	908
1112	1136
1112	1139
1112	1185
1112	1326
1112	1482
1113	752
1113	804
1113	916
1113	1274
1113	1332
1113	1467
1114	80
1114	418
1114	821
1114	941
1114	965
1114	1379
1115	363
1115	984
1115	1093
1115	1100
1115	1216
1115	1479
1116	569
1116	888
1116	940
1116	1308
1116	1391
1116	1499
1117	91
1117	328
1117	878
1117	1293
1117	1312
1117	1394
1118	43
1118	128
1118	743
1118	773
1118	1231
1118	1268
1119	555
1119	878
1119	984
1119	1013
1119	1086
1119	1205
1120	440
1120	905
1120	995
1120	1035
1120	1375
1120	1487
1121	182
1121	225
1121	772
1121	1129
1121	1148
1121	1160
1122	283
1122	455
1122	480
1122	714
1122	750
1122	915
1123	780
1123	1244
1123	1290
1123	1302
1123	1455
1123	1477
1124	113
1124	495
1124	530
1124	828
1124	960
1124	1423
1125	44
1125	1075
1125	1155
1125	1398
1125	1462
1125	1479
1126	572
1126	877
1126	1249
1126	1382
1126	1413
1126	1462
1127	241
1127	675
1127	991
1127	1451
1127	1470
1127	1486
1128	87
1128	570
1128	869
1128	1216
1128	1366
1128	1476
1129	772
1129	1041
1129	1060
1129	1121
1129	1221
1129	1328
1130	381
1130	743
1130	1014
1130	1186
1130	1372
1130	1405
1131	254
1131	524
1131	864
1131	1300
1131	1366
1131	1477
1132	19
1132	155
1132	629
1132	979
1132	1220
1132	1468
1133	133
1133	249
1133	485
1133	1228
1133	1359
1133	1436
1134	254
1134	1001
1134	1144
1134	1210
1134	1384
1134	1449
1135	36
1135	116
1135	732
1135	989
1135	1338
1135	1500
1136	659
1136	668
1136	962
1136	1112
1136	1249
1136	1431
1137	463
1137	535
1137	774
1137	1412
1137	1421
1137	1450
1138	358
1138	422
1138	479
1138	1229
1138	1232
1138	1394
1139	215
1139	743
1139	986
1139	1112
1139	1209
1139	1291
1140	101
1140	770
1140	1021
1140	1051
1140	1309
1140	1317
1141	423
1141	865
1141	1050
1141	1145
1141	1296
1141	1362
1142	233
1142	574
1142	1232
1142	1277
1142	1420
1142	1433
1143	550
1143	721
1143	885
1143	1004
1143	1020
1143	1031
1144	878
1144	894
1144	1051
1144	1134
1144	1367
1144	1406
1145	598
1145	719
1145	979
1145	1008
1145	1141
1145	1227
1146	85
1146	538
1146	847
1146	1102
1146	1261
1146	1437
1147	713
1147	733
1147	776
1147	1267
1147	1414
1147	1416
1148	121
1148	1077
1148	1121
1148	1235
1148	1262
1148	1405
1149	34
1149	412
1149	756
1149	907
1149	1281
1149	1389
1150	1005
1150	1173
1150	1220
1150	1360
1150	1463
1150	1492
1151	781
1151	812
1151	1193
1151	1266
1151	1286
1151	1398
1152	637
1152	857
1152	977
1152	994
1152	1048
1152	1406
1153	946
1153	948
1153	1322
1153	1391
1153	1435
1153	1450
1154	133
1154	531
1154	653
1154	1234
1154	1268
1154	1461
1155	4
1155	484
1155	801
1155	896
1155	1125
1155	1330
1156	422
1156	793
1156	1254
1156	1313
1156	1385
1156	1395
1157	187
1157	226
1157	895
1157	1467
1157	1469
1157	1486
1158	755
1158	807
1158	927
1158	1003
1158	1011
1158	1182
1159	415
1159	681
1159	708
1159	1209
1159	1426
1159	1488
1160	65
1160	380
1160	381
1160	1121
1160	1241
1160	1432
1161	266
1161	348
1161	1040
1161	1169
1161	1228
1161	1232
1162	62
1162	109
1162	151
1162	879
1162	1237
1162	1313
1163	146
1163	603
1163	748
1163	749
1163	1383
1163	1442
1164	378
1164	391
1164	509
1164	752
1164	838
1164	1333
1165	421
1165	746
1165	973
1165	1177
1165	1232
1165	1499
1166	573
1166	656
1166	1188
1166	1243
1166	1255
1166	1446
1167	205
1167	667
1167	819
1167	840
1167	856
1167	1465
1168	144
1168	784
1168	916
1168	965
1168	1090
1168	1219
1169	29
1169	545
1169	657
1169	1161
1169	1373
1169	1420
1170	190
1170	531
1170	643
1170	1104
1170	1359
1170	1387
1171	168
1171	707
1171	953
1171	1282
1171	1405
1171	1492
1172	38
1172	152
1172	191
1172	532
1172	533
1172	1401
1173	27
1173	987
1173	1091
1173	1150
1173	1248
1173	1472
1174	881
1174	983
1174	1016
1174	1301
1174	1369
1174	1456
1175	672
1175	948
1175	973
1175	1222
1175	1380
1175	1419
1176	36
1176	387
1176	426
1176	1303
1176	1334
1176	1454
1177	135
1177	316
1177	786
1177	892
1177	1165
1177	1285
1178	234
1178	276
1178	357
1178	708
1178	1064
1178	1261
1179	405
1179	754
1179	1070
1179	1244
1179	1319
1179	1493
1180	40
1180	521
1180	1039
1180	1395
1180	1417
1180	1484
1181	616
1181	849
1181	1244
1181	1302
1181	1462
1181	1464
1182	399
1182	783
1182	1074
1182	1079
1182	1158
1182	1218
1183	3
1183	260
1183	507
1183	1279
1183	1403
1183	1448
1184	220
1184	760
1184	783
1184	1026
1184	1277
1184	1302
1185	150
1185	607
1185	754
1185	837
1185	1075
1185	1112
1186	803
1186	905
1186	1089
1186	1130
1186	1431
1186	1438
1187	305
1187	504
1187	739
1187	1210
1187	1338
1187	1490
1188	523
1188	771
1188	1087
1188	1091
1188	1166
1188	1487
1189	429
1189	463
1189	704
1189	1025
1189	1218
1189	1277
1190	199
1190	839
1190	912
1190	1309
1190	1323
1190	1421
1191	513
1191	610
1191	616
1191	1085
1191	1211
1191	1307
1192	103
1192	358
1192	650
1192	784
1192	1299
1192	1420
1193	388
1193	431
1193	567
1193	793
1193	1151
1193	1481
1194	141
1194	332
1194	839
1194	1363
1194	1403
1194	1406
1195	450
1195	717
1195	1004
1195	1288
1195	1400
1195	1444
1196	1085
1196	1214
1196	1220
1196	1252
1196	1364
1196	1410
1197	103
1197	307
1197	389
1197	486
1197	527
1197	1461
1198	247
1198	437
1198	539
1198	810
1198	886
1198	1255
1199	461
1199	557
1199	893
1199	1235
1199	1287
1199	1419
1200	281
1200	435
1200	543
1200	589
1200	674
1200	1410
1201	160
1201	924
1201	1039
1201	1362
1201	1376
1201	1496
1202	44
1202	85
1202	484
1202	852
1202	899
1202	1487
1203	357
1203	646
1203	688
1203	809
1203	898
1203	1465
1204	229
1204	895
1204	1105
1204	1271
1204	1363
1204	1467
1205	369
1205	911
1205	943
1205	993
1205	1119
1205	1348
1206	474
1206	484
1206	585
1206	1356
1206	1414
1206	1447
1207	31
1207	427
1207	1242
1207	1246
1207	1275
1207	1279
1208	449
1208	687
1208	781
1208	808
1208	1383
1208	1402
1209	831
1209	904
1209	993
1209	1110
1209	1139
1209	1159
1210	24
1210	180
1210	899
1210	1134
1210	1187
1210	1365
1211	537
1211	669
1211	704
1211	1191
1211	1328
1211	1385
1212	451
1212	735
1212	984
1212	1216
1212	1430
1212	1487
1213	152
1213	954
1213	1093
1213	1232
1213	1331
1213	1387
1214	270
1214	361
1214	629
1214	635
1214	1196
1214	1310
1215	295
1215	333
1215	601
1215	744
1215	981
1215	1358
1216	824
1216	1115
1216	1128
1216	1212
1216	1368
1216	1446
1217	571
1217	663
1217	814
1217	883
1217	933
1217	1439
1218	299
1218	730
1218	741
1218	1182
1218	1189
1218	1290
1218	1424
1219	309
1219	475
1219	1015
1219	1168
1219	1334
1219	1359
1219	1387
1220	12
1220	820
1220	1091
1220	1132
1220	1150
1220	1196
1220	1308
1221	182
1221	287
1221	1084
1221	1129
1221	1301
1221	1315
1221	1496
1222	622
1222	891
1222	1175
1222	1284
1222	1338
1222	1429
1222	1459
1223	551
1223	649
1223	716
1223	782
1223	1381
1223	1396
1223	1398
1224	632
1224	913
1224	988
1224	1310
1224	1317
1224	1406
1224	1455
1225	383
1225	697
1225	790
1225	814
1225	863
1225	1336
1225	1445
1226	82
1226	300
1226	959
1226	1027
1226	1302
1226	1325
1226	1446
1227	553
1227	739
1227	785
1227	994
1227	1145
1227	1479
1227	1489
1228	29
1228	723
1228	1133
1228	1161
1228	1298
1228	1441
1228	1480
1229	513
1229	684
1229	871
1229	1138
1229	1357
1229	1399
1229	1407
1230	14
1230	154
1230	1054
1230	1249
1230	1325
1230	1437
1230	1486
1231	417
1231	778
1231	870
1231	1118
1231	1358
1231	1386
1231	1399
1232	590
1232	819
1232	1138
1232	1142
1232	1161
1232	1165
1232	1213
1233	39
1233	83
1233	110
1233	273
1233	640
1233	1457
1233	1486
1234	10
1234	198
1234	1062
1234	1154
1234	1304
1234	1417
1234	1432
1235	243
1235	673
1235	698
1235	1148
1235	1199
1235	1282
1235	1374
1236	579
1236	950
1236	978
1236	1389
1236	1402
1236	1441
1236	1466
1237	447
1237	689
1237	837
1237	1162
1237	1345
1237	1351
1237	1487
1238	425
1238	761
1238	821
1238	933
1238	1060
1238	1293
1238	1404
1239	717
1239	880
1239	981
1239	994
1239	1272
1239	1374
1239	1375
1240	461
1240	676
1240	735
1240	1072
1240	1250
1240	1411
1240	1423
1241	86
1241	194
1241	612
1241	776
1241	965
1241	1160
1241	1347
1242	98
1242	343
1242	605
1242	696
1242	1207
1242	1370
1242	1376
1243	55
1243	632
1243	863
1243	899
1243	1038
1243	1166
1243	1384
1244	877
1244	960
1244	1096
1244	1123
1244	1179
1244	1181
1244	1420
1245	58
1245	709
1245	829
1245	898
1245	1322
1245	1451
1245	1470
1246	497
1246	579
1246	680
1246	824
1246	1207
1246	1354
1246	1376
1247	88
1247	123
1247	247
1247	505
1247	670
1247	780
1247	1352
1248	637
1248	928
1248	1013
1248	1173
1248	1295
1248	1341
1248	1360
1249	361
1249	668
1249	995
1249	1126
1249	1136
1249	1230
1249	1408
1250	64
1250	69
1250	976
1250	1057
1250	1240
1250	1264
1250	1343
1251	73
1251	866
1251	883
1251	945
1251	1016
1251	1267
1251	1325
1252	21
1252	395
1252	648
1252	735
1252	847
1252	867
1252	1196
1253	140
1253	416
1253	623
1253	693
1253	714
1253	1014
1253	1337
1254	224
1254	228
1254	277
1254	489
1254	615
1254	1156
1254	1448
1255	470
1255	692
1255	722
1255	1166
1255	1198
1255	1317
1255	1452
1256	145
1256	649
1256	728
1256	959
1256	1397
1256	1418
1256	1482
1257	601
1257	647
1257	787
1257	1292
1257	1323
1257	1383
1257	1396
1258	529
1258	570
1258	697
1258	980
1258	1379
1258	1460
1258	1482
1259	23
1259	188
1259	327
1259	1322
1259	1332
1259	1434
1259	1467
1260	576
1260	682
1260	989
1260	994
1260	1281
1260	1366
1260	1449
1261	255
1261	679
1261	1146
1261	1178
1261	1329
1261	1355
1261	1382
1262	107
1262	202
1262	639
1262	870
1262	1007
1262	1106
1262	1148
1263	37
1263	67
1263	764
1263	1045
1263	1108
1263	1393
1263	1478
1264	134
1264	239
1264	855
1264	967
1264	1250
1264	1355
1264	1474
1265	70
1265	293
1265	1045
1265	1383
1265	1390
1265	1416
1265	1486
1266	330
1266	885
1266	912
1266	947
1266	1020
1266	1151
1266	1321
1267	859
1267	958
1267	961
1267	1147
1267	1251
1267	1315
1267	1357
1268	169
1268	446
1268	793
1268	803
1268	1118
1268	1154
1268	1481
1269	75
1269	201
1269	669
1269	934
1269	1274
1269	1294
1269	1390
1270	17
1270	193
1270	451
1270	794
1270	874
1270	1073
1270	1449
1271	403
1271	782
1271	787
1271	860
1271	1204
1271	1368
1271	1450
1272	43
1272	289
1272	893
1272	1239
1272	1280
1272	1287
1272	1492
1273	121
1273	613
1273	865
1273	958
1273	1289
1273	1420
1273	1433
1274	26
1274	1113
1274	1269
1274	1280
1274	1323
1274	1416
1274	1493
1275	175
1275	445
1275	1039
1275	1207
1275	1330
1275	1407
1275	1433
1276	173
1276	178
1276	559
1276	670
1276	1109
1276	1325
1276	1431
1277	539
1277	700
1277	1034
1277	1142
1277	1184
1277	1189
1277	1354
1278	68
1278	131
1278	185
1278	317
1278	396
1278	1051
1278	1309
1279	128
1279	273
1279	638
1279	985
1279	1183
1279	1207
1279	1387
1280	25
1280	541
1280	759
1280	1071
1280	1272
1280	1274
1280	1468
1281	779
1281	820
1281	846
1281	1149
1281	1260
1281	1318
1281	1341
1282	250
1282	312
1282	1035
1282	1077
1282	1171
1282	1235
1282	1492
1283	558
1283	589
1283	624
1283	788
1283	916
1283	992
1283	1432
1284	351
1284	672
1284	1222
1284	1309
1284	1320
1284	1460
1284	1475
1285	586
1285	1110
1285	1177
1285	1297
1285	1354
1285	1376
1285	1403
1286	535
1286	1082
1286	1151
1286	1324
1286	1368
1286	1411
1286	1486
1287	828
1287	1063
1287	1068
1287	1199
1287	1272
1287	1312
1287	1344
1288	229
1288	378
1288	466
1288	651
1288	1006
1288	1195
1288	1409
1289	82
1289	527
1289	654
1289	783
1289	1273
1289	1352
1289	1371
1290	415
1290	980
1290	985
1290	1123
1290	1218
1290	1299
1290	1384
1291	178
1291	595
1291	652
1291	735
1291	852
1291	1139
1291	1365
1292	459
1292	718
1292	755
1292	1257
1292	1339
1292	1390
1292	1474
1293	14
1293	607
1293	711
1293	1117
1293	1238
1293	1330
1293	1418
1294	84
1294	452
1294	988
1294	990
1294	1269
1294	1333
1294	1475
1295	37
1295	259
1295	341
1295	506
1295	625
1295	1021
1295	1248
1296	311
1296	663
1296	942
1296	1104
1296	1141
1296	1331
1296	1470
1297	913
1297	1070
1297	1080
1297	1285
1297	1348
1297	1382
1297	1427
1298	232
1298	251
1298	941
1298	1228
1298	1331
1298	1359
1298	1494
1299	444
1299	884
1299	886
1299	1054
1299	1192
1299	1290
1299	1491
1300	851
1300	890
1300	919
1300	1040
1300	1094
1300	1131
1300	1301
1301	265
1301	645
1301	1012
1301	1174
1301	1221
1301	1300
1301	1394
1302	286
1302	858
1302	863
1302	1123
1302	1181
1302	1184
1302	1226
1303	65
1303	73
1303	1052
1303	1176
1303	1367
1303	1439
1303	1495
1304	269
1304	373
1304	836
1304	943
1304	990
1304	1234
1304	1412
1305	88
1305	106
1305	312
1305	526
1305	674
1305	757
1305	827
1306	154
1306	746
1306	1029
1306	1326
1306	1351
1306	1397
1306	1418
1307	288
1307	423
1307	761
1307	831
1307	883
1307	1103
1307	1191
1308	588
1308	1008
1308	1116
1308	1220
1308	1413
1308	1466
1308	1499
1309	213
1309	1038
1309	1140
1309	1190
1309	1278
1309	1284
1309	1497
1310	31
1310	303
1310	494
1310	1026
1310	1214
1310	1224
1310	1350
1310	1406
1311	149
1311	964
1311	978
1311	1078
1311	1383
1311	1385
1311	1414
1311	1457
1312	180
1312	270
1312	302
1312	528
1312	701
1312	754
1312	1117
1312	1287
1313	462
1313	873
1313	877
1313	1156
1313	1162
1313	1335
1313	1392
1313	1473
1314	325
1314	347
1314	371
1314	823
1314	829
1314	926
1314	1444
1314	1486
1315	284
1315	331
1315	393
1315	887
1315	947
1315	1101
1315	1221
1315	1267
1316	67
1316	466
1316	758
1316	774
1316	984
1316	1322
1316	1342
1316	1398
1317	1
1317	596
1317	651
1317	1022
1317	1140
1317	1224
1317	1255
1317	1488
1318	41
1318	94
1318	140
1318	574
1318	964
1318	979
1318	987
1318	1281
1319	50
1319	264
1319	797
1319	860
1319	1179
1319	1365
1319	1379
1319	1458
1320	593
1320	807
1320	888
1320	944
1320	1284
1320	1338
1320	1429
1320	1436
1321	266
1321	335
1321	348
1321	448
1321	590
1321	955
1321	1266
1321	1448
1322	562
1322	906
1322	1153
1322	1245
1322	1259
1322	1316
1322	1356
1322	1434
1323	354
1323	907
1323	1190
1323	1257
1323	1274
1323	1428
1323	1450
1323	1457
1324	492
1324	550
1324	932
1324	1083
1324	1111
1324	1286
1324	1391
1324	1396
1325	63
1325	980
1325	1226
1325	1230
1325	1251
1325	1276
1325	1379
1325	1464
1326	106
1326	465
1326	648
1326	818
1326	1112
1326	1306
1326	1339
1326	1369
1327	268
1327	548
1327	794
1327	893
1327	939
1327	972
1327	1053
1327	1089
1328	543
1328	658
1328	663
1328	1129
1328	1211
1328	1347
1328	1395
1328	1498
1329	294
1329	303
1329	341
1329	814
1329	1066
1329	1261
1329	1367
1329	1488
1330	342
1330	593
1330	680
1330	854
1330	1075
1330	1155
1330	1275
1330	1293
1331	249
1331	285
1331	464
1331	876
1331	1213
1331	1296
1331	1298
1331	1456
1332	30
1332	162
1332	752
1332	1092
1332	1113
1332	1259
1332	1445
1332	1447
1333	330
1333	542
1333	856
1333	1042
1333	1164
1333	1294
1333	1368
1333	1452
1334	124
1334	338
1334	687
1334	1018
1334	1176
1334	1219
1334	1432
1334	1496
1335	184
1335	228
1335	937
1335	986
1335	1059
1335	1313
1335	1349
1335	1439
1336	473
1336	547
1336	768
1336	902
1336	936
1336	1094
1336	1225
1336	1367
1337	508
1337	750
1337	910
1337	1023
1337	1253
1337	1464
1337	1472
1337	1497
1338	353
1338	581
1338	963
1338	1135
1338	1187
1338	1222
1338	1320
1338	1500
1339	23
1339	559
1339	575
1339	720
1339	1090
1339	1292
1339	1326
1339	1450
1340	302
1340	594
1340	645
1340	998
1340	1085
1340	1375
1340	1437
1340	1456
1341	115
1341	770
1341	1005
1341	1074
1341	1248
1341	1281
1341	1419
1341	1465
1342	117
1342	186
1342	585
1342	721
1342	1037
1342	1316
1342	1412
1342	1447
1343	169
1343	440
1343	810
1343	931
1343	981
1343	1250
1343	1344
1343	1438
1344	802
1344	914
1344	918
1344	1037
1344	1287
1344	1343
1344	1386
1344	1477
1345	210
1345	505
1345	837
1345	983
1345	1237
1345	1349
1345	1369
1345	1410
1346	317
1346	405
1346	496
1346	627
1346	655
1346	864
1346	1465
1346	1466
1347	46
1347	363
1347	883
1347	1016
1347	1241
1347	1328
1347	1349
1347	1387
1348	59
1348	511
1348	824
1348	886
1348	1095
1348	1205
1348	1297
1348	1401
1349	191
1349	667
1349	710
1349	1003
1349	1017
1349	1335
1349	1345
1349	1347
1350	542
1350	715
1350	754
1350	849
1350	1017
1350	1066
1350	1310
1350	1455
1351	581
1351	644
1351	923
1351	983
1351	998
1351	1237
1351	1306
1351	1417
1352	59
1352	167
1352	711
1352	899
1352	1247
1352	1289
1352	1363
1352	1370
1353	199
1353	575
1353	675
1353	740
1353	808
1353	922
1353	978
1353	1438
1354	363
1354	611
1354	923
1354	944
1354	1246
1354	1277
1354	1285
1354	1366
1355	1045
1355	1063
1355	1261
1355	1264
1355	1393
1355	1405
1355	1438
1355	1494
1356	102
1356	293
1356	337
1356	948
1356	1071
1356	1094
1356	1206
1356	1322
1357	62
1357	326
1357	700
1357	1099
1357	1104
1357	1229
1357	1267
1357	1480
1358	359
1358	499
1358	816
1358	889
1358	914
1358	1215
1358	1231
1358	1471
1359	434
1359	604
1359	755
1359	848
1359	1133
1359	1170
1359	1219
1359	1298
1360	618
1360	629
1360	637
1360	753
1360	933
1360	1091
1360	1150
1360	1248
1361	130
1361	424
1361	475
1361	667
1361	924
1361	935
1361	1050
1361	1499
1362	380
1362	558
1362	650
1362	834
1362	1141
1362	1201
1362	1387
1362	1445
1363	290
1363	442
1363	817
1363	969
1363	1027
1363	1194
1363	1204
1363	1352
1364	532
1364	851
1364	925
1364	1196
1364	1369
1364	1371
1364	1460
1364	1476
1365	864
1365	1210
1365	1291
1365	1319
1365	1404
1365	1440
1365	1487
1365	1489
1366	636
1366	805
1366	929
1366	1128
1366	1131
1366	1260
1366	1354
1366	1407
1367	554
1367	701
1367	938
1367	1110
1367	1144
1367	1303
1367	1329
1367	1336
1368	338
1368	585
1368	856
1368	1216
1368	1271
1368	1286
1368	1333
1368	1414
1369	691
1369	998
1369	1174
1369	1326
1369	1345
1369	1364
1369	1414
1369	1493
1370	420
1370	573
1370	613
1370	1071
1370	1099
1370	1242
1370	1352
1370	1488
1371	61
1371	423
1371	432
1371	528
1371	546
1371	903
1371	1289
1371	1364
1372	563
1372	724
1372	778
1372	1007
1372	1068
1372	1106
1372	1130
1372	1478
1373	19
1373	404
1373	580
1373	757
1373	952
1373	1021
1373	1169
1373	1489
1374	333
1374	763
1374	773
1374	777
1374	778
1374	1067
1374	1235
1374	1239
1375	334
1375	584
1375	738
1375	799
1375	1120
1375	1239
1375	1340
1375	1423
1376	678
1376	1096
1376	1201
1376	1242
1376	1246
1376	1285
1376	1407
1376	1482
1377	3
1377	35
1377	77
1377	562
1377	1047
1377	1085
1377	1434
1377	1493
1378	30
1378	699
1378	1042
1378	1049
1378	1391
1378	1416
1378	1436
1378	1451
1379	18
1379	280
1379	792
1379	811
1379	936
1379	1114
1379	1258
1379	1319
1379	1325
1380	183
1380	560
1380	580
1380	614
1380	638
1380	792
1380	1175
1380	1490
1380	1497
1381	159
1381	220
1381	500
1381	729
1381	742
1381	866
1381	875
1381	1101
1381	1223
1382	35
1382	668
1382	875
1382	970
1382	1126
1382	1261
1382	1297
1382	1488
1382	1491
1383	715
1383	759
1383	837
1383	1163
1383	1208
1383	1257
1383	1265
1383	1311
1383	1441
1384	223
1384	418
1384	712
1384	764
1384	854
1384	938
1384	1134
1384	1243
1384	1290
1385	53
1385	365
1385	477
1385	807
1385	821
1385	1016
1385	1156
1385	1211
1385	1311
1386	549
1386	698
1386	763
1386	870
1386	967
1386	1231
1386	1344
1386	1471
1386	1498
1387	326
1387	1003
1387	1026
1387	1170
1387	1213
1387	1219
1387	1279
1387	1347
1387	1362
1388	166
1388	221
1388	516
1388	591
1388	605
1388	722
1388	1418
1388	1482
1388	1491
1389	74
1389	403
1389	920
1389	990
1389	1004
1389	1149
1389	1236
1389	1398
1389	1421
1390	8
1390	71
1390	521
1390	943
1390	1265
1390	1269
1390	1292
1390	1391
1390	1435
1391	781
1391	1010
1391	1116
1391	1153
1391	1324
1391	1378
1391	1390
1391	1409
1391	1480
1392	489
1392	517
1392	615
1392	731
1392	795
1392	924
1392	945
1392	1313
1392	1495
1393	66
1393	114
1393	179
1393	235
1393	264
1393	289
1393	953
1393	1263
1393	1355
1394	520
1394	854
1394	860
1394	869
1394	1107
1394	1117
1394	1138
1394	1301
1394	1446
1395	122
1395	287
1395	975
1395	1084
1395	1108
1395	1156
1395	1180
1395	1328
1395	1420
1396	514
1396	716
1396	791
1396	1041
1396	1056
1396	1223
1396	1257
1396	1324
1396	1472
1397	50
1397	84
1397	514
1397	622
1397	904
1397	927
1397	1256
1397	1306
1397	1456
1398	161
1398	474
1398	1105
1398	1125
1398	1151
1398	1223
1398	1316
1398	1389
1398	1422
1399	80
1399	560
1399	772
1399	898
1399	954
1399	1229
1399	1231
1399	1404
1399	1421
1400	336
1400	604
1400	647
1400	740
1400	836
1400	942
1400	1023
1400	1195
1400	1453
1401	59
1401	184
1401	568
1401	866
1401	920
1401	1084
1401	1172
1401	1348
1401	1448
1402	222
1402	293
1402	756
1402	850
1402	1004
1402	1024
1402	1208
1402	1236
1402	1470
1403	52
1403	162
1403	313
1403	911
1403	1183
1403	1194
1403	1285
1403	1430
1403	1460
1404	123
1404	335
1404	665
1404	955
1404	1026
1404	1238
1404	1365
1404	1399
1404	1480
1405	86
1405	222
1405	620
1405	660
1405	1130
1405	1148
1405	1171
1405	1355
1405	1494
1406	606
1406	683
1406	1093
1406	1144
1406	1152
1406	1194
1406	1224
1406	1310
1406	1407
1407	864
1407	902
1407	1229
1407	1275
1407	1366
1407	1376
1407	1406
1407	1464
1407	1483
1408	93
1408	570
1408	679
1408	814
1408	849
1408	996
1408	1020
1408	1022
1408	1249
1409	102
1409	224
1409	559
1409	599
1409	999
1409	1019
1409	1288
1409	1391
1409	1468
1410	99
1410	386
1410	465
1410	641
1410	666
1410	1099
1410	1196
1410	1200
1410	1345
1411	9
1411	705
1411	707
1411	844
1411	970
1411	1068
1411	1111
1411	1240
1411	1286
1412	15
1412	856
1412	885
1412	1012
1412	1137
1412	1304
1412	1342
1412	1450
1412	1452
1413	71
1413	175
1413	769
1413	884
1413	1040
1413	1047
1413	1126
1413	1308
1413	1476
1414	671
1414	683
1414	709
1414	948
1414	1147
1414	1206
1414	1311
1414	1368
1414	1369
1415	346
1415	347
1415	384
1415	512
1415	793
1415	970
1415	1081
1415	1089
1415	1427
1416	410
1416	748
1416	751
1416	808
1416	1147
1416	1265
1416	1274
1416	1378
1416	1453
1417	56
1417	426
1417	479
1417	616
1417	657
1417	873
1417	1180
1417	1234
1417	1351
1418	322
1418	645
1418	843
1418	1064
1418	1256
1418	1293
1418	1306
1418	1388
1418	1454
1419	115
1419	156
1419	630
1419	868
1419	1076
1419	1175
1419	1199
1419	1341
1419	1490
1420	447
1420	873
1420	933
1420	1142
1420	1169
1420	1192
1420	1244
1420	1273
1420	1395
1421	359
1421	640
1421	1015
1421	1082
1421	1083
1421	1137
1421	1190
1421	1389
1421	1399
1422	551
1422	742
1422	748
1422	788
1422	1004
1422	1398
1422	1434
1422	1452
1422	1470
1423	67
1423	366
1423	392
1423	483
1423	695
1423	1072
1423	1124
1423	1240
1423	1375
1424	61
1424	143
1424	160
1424	174
1424	298
1424	761
1424	835
1424	1049
1424	1218
1425	212
1425	327
1425	583
1425	644
1425	811
1425	867
1425	902
1425	1444
1425	1476
1426	6
1426	106
1426	313
1426	442
1426	1048
1426	1159
1426	1455
1426	1460
1426	1476
1427	66
1427	210
1427	627
1427	799
1427	918
1427	976
1427	1297
1427	1415
1427	1492
1428	204
1428	593
1428	702
1428	746
1428	792
1428	834
1428	939
1428	1323
1428	1475
1429	591
1429	655
1429	714
1429	746
1429	751
1429	798
1429	989
1429	1222
1429	1320
1430	279
1430	433
1430	600
1430	861
1430	882
1430	996
1430	1012
1430	1212
1430	1403
1431	349
1431	547
1431	624
1431	636
1431	642
1431	1136
1431	1186
1431	1276
1431	1491
1432	288
1432	626
1432	805
1432	879
1432	1160
1432	1234
1432	1283
1432	1334
1432	1473
1433	425
1433	475
1433	677
1433	730
1433	903
1433	985
1433	1142
1433	1273
1433	1275
1434	6
1434	269
1434	301
1434	403
1434	897
1434	1259
1434	1322
1434	1377
1434	1422
1435	153
1435	258
1435	733
1435	997
1435	1065
1435	1098
1435	1153
1435	1390
1435	1486
1436	7
1436	737
1436	910
1436	979
1436	1051
1436	1133
1436	1320
1436	1378
1436	1497
1437	4
1437	771
1437	969
1437	989
1437	1033
1437	1146
1437	1230
1437	1340
1437	1455
1438	606
1438	855
1438	872
1438	1186
1438	1343
1438	1353
1438	1355
1438	1481
1438	1492
1439	238
1439	278
1439	491
1439	1217
1439	1303
1439	1335
1439	1465
1439	1495
1439	1496
1440	31
1440	57
1440	315
1440	573
1440	983
1440	1011
1440	1093
1440	1365
1440	1462
1441	256
1441	308
1441	544
1441	725
1441	1065
1441	1228
1441	1236
1441	1383
1441	1442
1442	223
1442	621
1442	719
1442	901
1442	947
1442	1163
1442	1441
1442	1447
1442	1474
1443	17
1443	42
1443	171
1443	503
1443	548
1443	584
1443	1478
1443	1491
1443	1494
1444	241
1444	534
1444	929
1444	1086
1444	1092
1444	1098
1444	1195
1444	1314
1444	1425
1445	16
1445	65
1445	453
1445	568
1445	662
1445	767
1445	1225
1445	1332
1445	1362
1446	501
1446	507
1446	672
1446	938
1446	1100
1446	1166
1446	1216
1446	1226
1446	1394
1447	275
1447	301
1447	338
1447	515
1447	820
1447	1206
1447	1332
1447	1342
1447	1442
1448	456
1448	646
1448	876
1448	920
1448	1092
1448	1183
1448	1254
1448	1321
1448	1401
1449	274
1449	685
1449	719
1449	921
1449	944
1449	962
1449	1134
1449	1260
1449	1270
1450	32
1450	578
1450	1002
1450	1137
1450	1153
1450	1271
1450	1323
1450	1339
1450	1412
1451	23
1451	311
1451	683
1451	725
1451	836
1451	922
1451	1127
1451	1245
1451	1378
1452	15
1452	275
1452	306
1452	378
1452	838
1452	1255
1452	1333
1452	1412
1452	1422
1453	39
1453	120
1453	555
1453	759
1453	895
1453	1002
1453	1400
1453	1416
1453	1474
1454	46
1454	184
1454	225
1454	321
1454	630
1454	724
1454	853
1454	1176
1454	1418
1454	1496
1455	44
1455	125
1455	1022
1455	1046
1455	1123
1455	1224
1455	1350
1455	1426
1455	1437
1455	1481
1456	105
1456	302
1456	322
1456	701
1456	959
1456	1009
1456	1174
1456	1331
1456	1340
1456	1397
1457	22
1457	411
1457	457
1457	599
1457	787
1457	957
1457	1233
1457	1311
1457	1323
1457	1468
1458	221
1458	467
1458	472
1458	566
1458	658
1458	677
1458	1012
1458	1013
1458	1054
1458	1319
1459	76
1459	163
1459	328
1459	569
1459	611
1459	890
1459	1008
1459	1024
1459	1055
1459	1222
1460	577
1460	723
1460	818
1460	894
1460	1258
1460	1284
1460	1364
1460	1403
1460	1426
1460	1488
1461	159
1461	161
1461	198
1461	665
1461	688
1461	1034
1461	1088
1461	1154
1461	1197
1461	1500
1462	190
1462	379
1462	471
1462	1002
1462	1033
1462	1109
1462	1125
1462	1126
1462	1181
1462	1440
1463	41
1463	78
1463	592
1463	681
1463	732
1463	753
1463	830
1463	928
1463	987
1463	1150
1464	253
1464	343
1464	577
1464	583
1464	927
1464	1110
1464	1181
1464	1325
1464	1337
1464	1407
1465	82
1465	299
1465	389
1465	1088
1465	1167
1465	1203
1465	1341
1465	1346
1465	1439
1465	1496
1466	267
1466	699
1466	737
1466	745
1466	949
1466	1005
1466	1021
1466	1236
1466	1308
1466	1346
1467	8
1467	633
1467	689
1467	797
1467	999
1467	1041
1467	1113
1467	1157
1467	1204
1467	1259
1468	25
1468	438
1468	482
1468	508
1468	951
1468	1044
1468	1132
1468	1280
1468	1409
1468	1457
1469	138
1469	139
1469	492
1469	533
1469	559
1469	762
1469	885
1469	1002
1469	1056
1469	1157
1470	329
1470	603
1470	822
1470	1015
1470	1105
1470	1127
1470	1245
1470	1296
1470	1402
1470	1422
1471	596
1471	601
1471	650
1471	880
1471	953
1471	1077
1471	1108
1471	1358
1471	1386
1471	1492
1472	55
1472	510
1472	618
1472	868
1472	962
1472	1023
1472	1173
1472	1337
1472	1396
1472	1475
1473	434
1473	463
1473	597
1473	652
1473	724
1473	730
1473	760
1473	765
1473	1313
1473	1432
1474	373
1474	410
1474	943
1474	978
1474	1028
1474	1098
1474	1264
1474	1292
1474	1442
1474	1453
1475	213
1475	405
1475	629
1475	696
1475	887
1475	1005
1475	1284
1475	1294
1475	1428
1475	1472
1476	10
1476	11
1476	50
1476	276
1476	712
1476	1128
1476	1364
1476	1413
1476	1425
1476	1426
1477	113
1477	289
1477	493
1477	976
1477	1035
1477	1081
1477	1123
1477	1131
1477	1344
1477	1478
1478	148
1478	379
1478	512
1478	564
1478	578
1478	1108
1478	1263
1478	1372
1478	1443
1478	1477
1479	435
1479	452
1479	467
1479	522
1479	586
1479	991
1479	1019
1479	1115
1479	1125
1479	1227
1480	362
1480	617
1480	620
1480	913
1480	958
1480	1036
1480	1228
1480	1357
1480	1391
1480	1404
1481	165
1481	208
1481	557
1481	815
1481	832
1481	995
1481	1193
1481	1268
1481	1438
1481	1455
1482	118
1482	543
1482	945
1482	946
1482	1112
1482	1256
1482	1258
1482	1376
1482	1388
1482	1485
1483	166
1483	242
1483	668
1483	676
1483	692
1483	804
1483	827
1483	971
1483	1087
1483	1407
1484	5
1484	182
1484	396
1484	490
1484	540
1484	581
1484	596
1484	632
1484	817
1484	1180
1485	83
1485	239
1485	292
1485	619
1485	666
1485	680
1485	697
1485	878
1485	1032
1485	1482
1486	92
1486	1028
1486	1127
1486	1157
1486	1230
1486	1233
1486	1265
1486	1286
1486	1314
1486	1435
1487	93
1487	304
1487	332
1487	1013
1487	1120
1487	1188
1487	1202
1487	1212
1487	1237
1487	1365
1488	100
1488	619
1488	700
1488	1093
1488	1159
1488	1317
1488	1329
1488	1370
1488	1382
1488	1460
1489	7
1489	235
1489	421
1489	572
1489	582
1489	745
1489	1227
1489	1365
1489	1373
1489	1497
1490	96
1490	153
1490	252
1490	702
1490	915
1490	977
1490	1187
1490	1380
1490	1419
1490	1499
1491	175
1491	502
1491	854
1491	877
1491	993
1491	1299
1491	1382
1491	1388
1491	1431
1491	1443
1492	194
1492	282
1492	698
1492	1150
1492	1171
1492	1272
1492	1282
1492	1427
1492	1438
1492	1471
1493	111
1493	253
1493	457
1493	583
1493	869
1493	1047
1493	1179
1493	1274
1493	1369
1493	1377
1494	9
1494	137
1494	240
1494	578
1494	660
1494	828
1494	1298
1494	1355
1494	1405
1494	1443
1495	263
1495	365
1495	558
1495	656
1495	887
1495	954
1495	1016
1495	1303
1495	1392
1495	1439
1496	89
1496	801
1496	935
1496	1069
1496	1201
1496	1221
1496	1334
1496	1439
1496	1454
1496	1465
1497	127
1497	252
1497	328
1497	681
1497	1030
1497	1309
1497	1337
1497	1380
1497	1436
1497	1489
1498	122
1498	218
1498	319
1498	730
1498	741
1498	997
1498	1017
1498	1018
1498	1328
1498	1386
1499	763
1499	770
1499	785
1499	835
1499	928
1499	1116
1499	1165
1499	1308
1499	1361
1499	1490
1500	638
1500	672
1500	849
1500	891
1500	892
1500	949
1500	1076
1500	1135
1500	1338
1500	1461
